gene_name;variant_name
ARID3A;Q228K
ARID3A;Q231H
ARID3A;E234K
ARID3A;D236E
ARID3A;D236N
ARID3A;G237W
ARID3A;R241M
ARID3A;L245M
ARID3A;L245V
ARID3A;S250N
ARID3A;R255Q
ARID3A;T257A
ARID3A;R261C
ARID3A;R261H
ARID3A;P263H
ARID3A;I264M
ARID3A;I264V
ARID3A;L270I
ARID3A;M274T
ARID3A;M274V
ARID3A;V277M
ARID3A;L278M
ARID3A;G283D
ARID3A;G284S
ARID3A;L285I
ARID3A;E287D
ARID3A;I289M
ARID3A;K291E
ARID3A;K291R
ARID3A;R295C
ARID3A;S309I
ARID3A;A311T
ARID3A;T313I
ARID3A;R315W
ARID3A;T316S
ARID3A;L322M
ARID3A;C327R
ARID3A;R330W
ARID3A;L332F
ARID3A;S333N
ARID3A;N336S
ARID3A;R347Q
ARID3A;R350W
ARID3A;R351L
