mutation,mutation_label,position_label,state,energy_unit,score_function_name,total_score,fa_atr,fa_rep,fa_sol,fa_intra_rep,fa_intra_sol_xover4,lk_ball_wtd,fa_elec,hbond_sr_bb,hbond_lr_bb,hbond_bb_sc,hbond_sc,dslf_fa13,omega,fa_dun,p_aa_pp,yhh_planarity,ref,rama_prepro,cart_bonded
A.T.8.P,T8P,T8,wt,kcal/mol,ref2015_cart,-469.40748,-810.92109,66.99626,417.69864,1.25714,21.85952,-41.13571,-185.50748,-40.37313,-21.22449,-27.68367,-14.21939,0.00000,1.26973,103.86735,-17.75340,0.11259,29.61361,-5.23299,51.96871
A.T.8.P,T8P,T8,mut,kcal/mol,ref2015_cart,-468.96565,-810.51701,67.14830,417.48912,1.25544,21.87585,-41.07177,-184.75612,-40.37313,-21.23265,-27.67279,-14.20816,0.00000,1.32619,103.93095,-18.01769,0.11259,28.66293,-5.40340,52.48605
A.T.8.P,T8P,T8,ddg,kcal/mol,ref2015_cart,0.44184,0.40408,0.15204,-0.20952,-0.00170,0.01633,0.06395,0.75136,0.00000,-0.00816,0.01088,0.01122,0.00000,0.05646,0.06361,-0.26429,0.00000,-0.95068,-0.17041,0.51735
A.E.9.V,E9V,E9,wt,kcal/mol,ref2015_cart,-469.63435,-810.89150,67.30986,417.37075,1.26939,21.84422,-41.08265,-185.61769,-40.37313,-20.91939,-27.95170,-14.20918,0.00000,1.28061,103.19864,-17.76803,0.11190,29.61361,-5.23401,52.41429
A.E.9.V,E9V,E9,mut,kcal/mol,ref2015_cart,-470.85238,-813.22347,67.89184,415.25034,1.27279,21.74830,-41.18707,-184.13095,-40.37313,-20.92483,-27.95034,-14.02891,0.00000,1.23673,102.64320,-18.02483,0.11190,31.43912,-5.33197,52.72925
A.E.9.V,E9V,E9,ddg,kcal/mol,ref2015_cart,-1.21803,-2.33197,0.58197,-2.12041,0.00340,-0.09592,-0.10442,1.48673,0.00000,-0.00544,0.00136,0.18027,0.00000,-0.04388,-0.55544,-0.25680,0.00000,1.82551,-0.09796,0.31497
A.G.12.D,G12D,G12,wt,kcal/mol,ref2015_cart,-469.53639,-810.74626,66.97823,417.43741,1.26156,21.85884,-41.13878,-185.55544,-40.36905,-20.92075,-27.95714,-14.22143,0.00000,1.28844,103.84422,-17.76905,0.11190,29.61361,-5.22959,51.97721
A.G.12.D,G12D,G12,mut,kcal/mol,ref2015_cart,-465.39762,-812.74626,67.36599,420.83265,1.26395,21.97789,-41.32687,-184.76871,-40.37653,-20.88503,-27.67789,-14.22211,0.00000,1.33980,104.71633,-17.28844,0.11156,28.61224,-4.66667,52.34048
A.G.12.D,G12D,G12,ddg,kcal/mol,ref2015_cart,4.13878,-2.00000,0.38776,3.39524,0.00238,0.11905,-0.18810,0.78673,-0.00748,0.03571,0.27925,-0.00068,0.00000,0.05136,0.87211,0.48061,-0.00034,-1.00136,0.56293,0.36327
A.K.13.T,K13T,K13,wt,kcal/mol,ref2015_cart,-469.61497,-810.80306,66.97993,417.46190,1.26156,21.86088,-41.06735,-185.73129,-40.36939,-20.90952,-27.95476,-14.22517,0.00000,1.29048,103.84762,-17.77381,0.11667,29.61361,-5.23673,52.02449
A.K.13.T,K13T,K13,mut,kcal/mol,ref2015_cart,-469.80918,-810.25136,66.92721,418.03537,1.23061,21.72551,-40.95850,-186.41769,-40.36803,-20.93639,-27.99966,-14.58639,0.00000,1.25476,103.11531,-17.85068,0.11531,30.24830,-5.22959,52.13639
A.K.13.T,K13T,K13,ddg,kcal/mol,ref2015_cart,-0.19422,0.55170,-0.05272,0.57347,-0.03095,-0.13537,0.10884,-0.68639,0.00136,-0.02687,-0.04490,-0.36122,0.00000,-0.03571,-0.73231,-0.07687,-0.00136,0.63469,0.00714,0.11190
A.F.14.L,F14L,F14,wt,kcal/mol,ref2015_cart,-469.61463,-810.86497,67.03810,417.48707,1.26224,21.86531,-41.08299,-185.75000,-40.36565,-20.90476,-27.95510,-14.23231,0.00000,1.31361,103.84456,-17.77279,0.11565,29.61361,-5.23333,52.00748
A.F.14.L,F14L,F14,mut,kcal/mol,ref2015_cart,-466.88401,-809.00476,66.89728,417.07687,1.23469,21.78027,-41.00034,-185.23469,-40.38707,-20.92721,-27.96633,-14.23469,0.00000,1.41531,103.97211,-17.59864,0.11599,29.76429,-5.13197,52.34524
A.F.14.L,F14L,F14,ddg,kcal/mol,ref2015_cart,2.73061,1.86020,-0.14082,-0.41020,-0.02755,-0.08503,0.08265,0.51531,-0.02143,-0.02245,-0.01122,-0.00238,0.00000,0.10170,0.12755,0.17415,0.00034,0.15068,0.10136,0.33776
A.E.15.A,E15A,E15,wt,kcal/mol,ref2015_cart,-469.61837,-810.78912,66.96395,417.48129,1.26054,21.86599,-41.06973,-185.72483,-40.36973,-20.92143,-27.94762,-14.22619,0.00000,1.28605,103.84048,-17.77245,0.11599,29.61361,-5.23401,52.00850
A.E.15.A,E15A,E15,mut,kcal/mol,ref2015_cart,-468.50510,-809.10748,66.94422,414.52823,1.25782,21.67857,-40.96939,-184.24184,-40.35850,-20.93163,-27.95748,-13.43367,0.00000,1.31429,102.83231,-17.92313,0.11633,30.99082,-5.20272,51.95782
A.E.15.A,E15A,E15,ddg,kcal/mol,ref2015_cart,1.11327,1.68163,-0.01973,-2.95306,-0.00272,-0.18741,0.10034,1.48299,0.01122,-0.01020,-0.00986,0.79252,0.00000,0.02823,-1.00816,-0.15068,0.00034,1.37721,0.03129,-0.05068
A.R.18.S,R18S,R18,wt,kcal/mol,ref2015_cart,-469.69694,-810.99218,67.38912,417.37143,1.26973,21.85136,-40.87551,-185.77891,-40.36361,-20.92075,-27.96054,-14.35272,0.00000,1.28571,103.21088,-17.76224,0.11769,29.61361,-5.22789,52.42789
A.R.18.S,R18S,R18,mut,kcal/mol,ref2015_cart,-468.82041,-809.66531,67.25748,416.15170,1.26701,21.74184,-41.05714,-184.40748,-40.37925,-20.92075,-27.95544,-13.54320,0.00000,1.28027,102.54320,-17.82619,0.11701,29.54728,-5.25000,52.27823
A.R.18.S,R18S,R18,ddg,kcal/mol,ref2015_cart,0.87653,1.32687,-0.13163,-1.21973,-0.00272,-0.10952,-0.18163,1.37143,-0.01565,0.00000,0.00510,0.80952,0.00000,-0.00544,-0.66769,-0.06395,-0.00068,-0.06633,-0.02211,-0.14966
A.K.19.N,K19N,K19,wt,kcal/mol,ref2015_cart,-469.70612,-810.85510,67.32823,417.30238,1.26905,21.84422,-40.97925,-185.72993,-40.37517,-20.92177,-27.94626,-14.24456,0.00000,1.29354,103.18469,-17.76531,0.11735,29.61361,-5.22857,52.38605
A.K.19.N,K19N,K19,mut,kcal/mol,ref2015_cart,-469.04524,-809.97517,67.17313,415.79966,1.26633,21.75034,-41.15952,-183.74048,-40.37041,-20.91973,-28.00408,-13.77687,0.00000,1.24558,102.68231,-17.72823,0.11701,29.40068,-5.09626,52.29014
A.K.19.N,K19N,K19,ddg,kcal/mol,ref2015_cart,0.66088,0.87993,-0.15510,-1.50272,-0.00272,-0.09388,-0.18027,1.98946,0.00476,0.00204,-0.05782,0.46769,0.00000,-0.04796,-0.50238,0.03707,-0.00034,-0.21293,0.13231,-0.09592
A.L.21.P,L21P,L21,wt,kcal/mol,ref2015_cart,-470.14762,-810.48537,67.04388,417.30340,1.26361,21.83197,-40.98061,-185.76973,-40.43435,-20.97959,-27.97415,-14.22789,0.00000,1.30272,103.12755,-17.76327,0.11667,29.61361,-5.21088,52.07585
A.L.21.P,L21P,L21,mut,kcal/mol,ref2015_cart,-467.08401,-810.54286,67.81769,417.32041,1.25442,21.86497,-40.88912,-185.77109,-40.13844,-20.66871,-27.71327,-14.26837,0.00000,1.17381,103.09014,-17.86395,0.11803,28.48946,-4.35714,54.00000
A.L.21.P,L21P,L21,ddg,kcal/mol,ref2015_cart,3.06361,-0.05748,0.77381,0.01701,-0.00918,0.03299,0.09150,-0.00136,0.29592,0.31088,0.26088,-0.04048,0.00000,-0.12891,-0.03741,-0.10068,0.00136,-1.12415,0.85374,1.92415
A.G.25.S,G25S,G25,wt,kcal/mol,ref2015_cart,-469.65918,-810.75646,67.27313,417.22007,1.26973,21.83912,-41.06565,-185.61395,-40.36156,-20.92075,-27.94388,-14.21088,0.00000,1.29252,103.23401,-17.78435,0.11224,29.61361,-5.20408,52.34864
A.G.25.S,G25S,G25,mut,kcal/mol,ref2015_cart,-469.82755,-812.35238,67.41259,419.46599,1.27007,21.87721,-41.21020,-186.39286,-40.47823,-20.92075,-27.92313,-14.19490,0.00000,1.35476,103.23605,-17.61122,0.11190,29.24354,-5.17143,52.45612
A.G.25.S,G25S,G25,ddg,kcal/mol,ref2015_cart,-0.16837,-1.59592,0.13946,2.24592,0.00034,0.03810,-0.14456,-0.77891,-0.11667,0.00000,0.02075,0.01599,0.00000,0.06224,0.00204,0.17313,-0.00034,-0.37007,0.03265,0.10748
A.A.28.V,A28V,A28,wt,kcal/mol,ref2015_cart,-469.82857,-810.78129,67.28605,417.27585,1.26837,21.84660,-41.03776,-185.62993,-40.34082,-21.00578,-27.95170,-14.20646,0.00000,1.31735,103.13197,-17.78503,0.11224,29.61361,-5.24762,52.30544
A.A.28.V,A28V,A28,mut,kcal/mol,ref2015_cart,-466.14456,-813.53946,68.94660,417.52517,1.30442,21.91054,-41.17245,-185.79864,-40.47109,-21.04116,-27.95238,-14.01327,0.00000,1.91599,103.26905,-17.56361,0.11190,30.06190,-5.13980,55.50204
A.A.28.V,A28V,A28,ddg,kcal/mol,ref2015_cart,3.68401,-2.75816,1.66054,0.24932,0.03605,0.06395,-0.13469,-0.16871,-0.13027,-0.03537,-0.00068,0.19320,0.00000,0.59864,0.13707,0.22143,-0.00034,0.44830,0.10782,3.19660
A.R.34.C,R34C,R34,wt,kcal/mol,ref2015_cart,-469.38912,-810.88980,67.50374,417.35816,1.27109,21.85782,-41.01667,-185.76599,-40.37313,-20.91531,-27.94558,-14.22823,0.00000,1.28878,103.27959,-17.76905,0.11633,29.61361,-5.23469,52.46088
A.R.34.C,R34C,R34,mut,kcal/mol,ref2015_cart,-468.02313,-809.44014,67.55714,414.72245,1.26803,21.68878,-40.70952,-184.70952,-40.37313,-20.90918,-27.94490,-13.43980,0.00000,1.29626,102.90068,-17.87755,0.11701,30.75272,-5.33741,52.41531
A.R.34.C,R34C,R34,ddg,kcal/mol,ref2015_cart,1.36599,1.44966,0.05340,-2.63571,-0.00306,-0.16905,0.30714,1.05646,0.00000,0.00612,0.00068,0.78844,0.00000,0.00748,-0.37891,-0.10850,0.00068,1.13912,-0.10272,-0.04558
A.D.40.G,D40G,D40,wt,kcal/mol,ref2015_cart,-469.58946,-810.70306,66.97653,417.40578,1.25884,21.85510,-41.06599,-185.68027,-40.37143,-20.92075,-27.95102,-14.24252,0.00000,1.29184,103.85204,-17.77041,0.11633,29.61361,-5.22959,51.97551
A.D.40.G,D40G,D40,mut,kcal/mol,ref2015_cart,-468.90170,-810.33776,66.98673,416.91633,1.25612,21.73810,-40.99014,-185.58946,-40.35238,-20.92313,-27.95476,-14.23810,0.00000,1.29354,103.27925,-17.57755,0.11633,30.61463,-5.10714,51.96735
A.D.40.G,D40G,D40,ddg,kcal/mol,ref2015_cart,0.68776,0.36531,0.01020,-0.48946,-0.00272,-0.11701,0.07585,0.09082,0.01905,-0.00238,-0.00374,0.00442,0.00000,0.00170,-0.57279,0.19286,0.00000,1.00102,0.12245,-0.00816
A.D.40.Y,D40Y,D40,wt,kcal/mol,ref2015_cart,-469.58946,-810.70306,66.97653,417.40578,1.25884,21.85510,-41.06599,-185.68027,-40.37143,-20.92075,-27.95102,-14.24252,0.00000,1.29184,103.85204,-17.77041,0.11633,29.61361,-5.22959,51.97551
A.D.40.Y,D40Y,D40,mut,kcal/mol,ref2015_cart,-469.80068,-812.69898,67.12041,417.64150,1.26599,21.88878,-41.19694,-185.50544,-40.36293,-20.92041,-27.95986,-14.23810,0.00000,1.35340,104.00646,-17.67789,0.11701,30.54150,-5.15306,51.97823
A.D.40.Y,D40Y,D40,ddg,kcal/mol,ref2015_cart,-0.21122,-1.99592,0.14388,0.23571,0.00714,0.03367,-0.13095,0.17483,0.00850,0.00034,-0.00884,0.00442,0.00000,0.06156,0.15442,0.09252,0.00068,0.92789,0.07653,0.00272
A.A.44.D,A44D,A44,wt,kcal/mol,ref2015_cart,-469.74456,-810.89558,67.34388,417.28571,1.27551,21.85034,-41.00136,-185.74728,-40.37313,-20.92279,-27.94456,-14.23333,0.00000,1.29558,103.16259,-17.77415,0.11633,29.61361,-5.23401,52.43776
A.A.44.D,A44D,A44,mut,kcal/mol,ref2015_cart,-468.20782,-812.96769,68.15714,422.61939,1.28265,21.99252,-41.15034,-187.59694,-40.37313,-20.89286,-28.34626,-14.22143,0.00000,1.30612,104.16769,-18.01361,0.11088,28.43299,-5.60884,52.89354
A.A.44.D,A44D,A44,ddg,kcal/mol,ref2015_cart,1.53673,-2.07211,0.81327,5.33367,0.00714,0.14218,-0.14898,-1.84966,0.00000,0.02993,-0.40170,0.01190,0.00000,0.01054,1.00510,-0.23946,-0.00544,-1.18061,-0.37483,0.45578
A.C.47.R,C47R,C47,wt,kcal/mol,ref2015_cart,-469.73707,-810.86429,67.30102,417.32041,1.27041,21.85170,-40.99184,-185.73878,-40.37313,-20.91224,-27.95510,-14.22483,0.00000,1.29048,103.17789,-17.77177,0.11701,29.61361,-5.23401,52.38605
A.C.47.R,C47R,C47,mut,kcal/mol,ref2015_cart,-468.94456,-811.76020,66.76361,419.29490,1.26939,22.07687,-41.31939,-185.25680,-40.37313,-20.96939,-27.94796,-13.42993,0.00000,1.27755,103.73537,-17.66939,0.12585,28.47415,-5.33776,52.10204
A.C.47.R,C47R,C47,ddg,kcal/mol,ref2015_cart,0.79252,-0.89592,-0.53741,1.97449,-0.00102,0.22517,-0.32755,0.48197,0.00000,-0.05714,0.00714,0.79490,0.00000,-0.01293,0.55748,0.10238,0.00884,-1.13946,-0.10374,-0.28401
A.L.53.P,L53P,L53,wt,kcal/mol,ref2015_cart,-469.52653,-810.65782,66.89184,417.40918,1.25714,21.86395,-41.12415,-185.57177,-40.36122,-20.92075,-27.95000,-14.22211,0.00000,1.29014,103.84830,-17.77007,0.11224,29.61361,-5.21565,51.98163
A.L.53.P,L53P,L53,mut,kcal/mol,ref2015_cart,-462.04762,-809.54762,67.42517,418.18605,1.25204,21.82585,-40.84252,-185.25986,-39.94184,-20.92075,-27.95272,-14.22007,0.00000,1.46395,103.91973,-17.82517,0.11190,28.48946,-1.75238,53.54116
A.L.53.P,L53P,L53,ddg,kcal/mol,ref2015_cart,7.47891,1.11020,0.53333,0.77687,-0.00510,-0.03810,0.28163,0.31190,0.41939,0.00000,-0.00272,0.00204,0.00000,0.17381,0.07143,-0.05510,-0.00034,-1.12415,3.46327,1.55952
A.S.56.Y,S56Y,S56,wt,kcal/mol,ref2015_cart,-469.53095,-810.63231,66.88367,417.40714,1.25816,21.86224,-41.11565,-185.58265,-40.36088,-20.92075,-27.95238,-14.22245,0.00000,1.29320,103.85000,-17.76871,0.11156,29.61361,-5.23367,51.97857
A.S.56.Y,S56Y,S56,mut,kcal/mol,ref2015_cart,-469.53844,-815.86497,68.63605,416.98980,1.28571,22.09320,-41.30306,-185.80782,-40.38776,-20.92075,-27.95680,-14.46293,0.00000,1.39626,105.74558,-17.64184,0.11224,29.90986,-5.09252,53.73163
A.S.56.Y,S56Y,S56,ddg,kcal/mol,ref2015_cart,-0.00748,-5.23265,1.75238,-0.41735,0.02755,0.23095,-0.18741,-0.22517,-0.02687,0.00000,-0.00442,-0.24048,0.00000,0.10306,1.89558,0.12687,0.00068,0.29626,0.14116,1.75306
A.H.72.D,H72D,H72,wt,kcal/mol,ref2015_cart,-469.70170,-810.41837,66.62721,417.66224,1.27619,21.84150,-41.19048,-185.64762,-40.37517,-20.92075,-27.98503,-14.23197,0.00000,1.29048,103.52041,-17.77109,0.11190,29.61361,-5.22993,52.12585
A.H.72.D,H72D,H72,mut,kcal/mol,ref2015_cart,-468.06122,-808.35680,66.49558,417.76224,1.27347,21.83810,-41.22551,-186.24320,-40.40612,-20.92075,-27.87347,-14.24218,0.00000,1.28129,103.79116,-17.46463,0.11190,28.98571,-5.00000,52.13163
A.H.72.D,H72D,H72,ddg,kcal/mol,ref2015_cart,1.64048,2.06156,-0.13163,0.10000,-0.00272,-0.00340,-0.03503,-0.59558,-0.03095,0.00000,0.11156,-0.01020,0.00000,-0.00918,0.27075,0.30646,0.00000,-0.62789,0.22993,0.00578
A.H.72.N,H72N,H72,wt,kcal/mol,ref2015_cart,-469.70170,-810.41837,66.62721,417.66224,1.27619,21.84150,-41.19048,-185.64762,-40.37517,-20.92075,-27.98503,-14.23197,0.00000,1.29048,103.52041,-17.77109,0.11190,29.61361,-5.22993,52.12585
A.H.72.N,H72N,H72,mut,kcal/mol,ref2015_cart,-468.60986,-808.89864,66.57041,416.93401,1.27449,21.82109,-41.31293,-185.44286,-40.42517,-20.92075,-27.96190,-14.23265,0.00000,1.28197,103.80306,-17.50170,0.11190,29.25986,-5.09626,52.12619
A.H.72.N,H72N,H72,ddg,kcal/mol,ref2015_cart,1.09184,1.51973,-0.05680,-0.72823,-0.00170,-0.02041,-0.12245,0.20476,-0.05000,0.00000,0.02313,-0.00068,0.00000,-0.00850,0.28265,0.26939,0.00000,-0.35374,0.13367,0.00034
A.E.73.D,E73D,E73,wt,kcal/mol,ref2015_cart,-469.77891,-810.42075,66.61224,417.67211,1.27483,21.83878,-41.11735,-185.79728,-40.37245,-20.91837,-27.98503,-14.23469,0.00000,1.29048,103.50952,-17.77109,0.11633,29.61361,-5.23129,52.14150
A.E.73.D,E73D,E73,mut,kcal/mol,ref2015_cart,-469.81293,-810.38401,66.59014,417.80544,1.27517,21.82653,-41.13707,-185.92483,-40.38299,-20.91769,-27.99014,-14.22823,0.00000,1.27279,103.04626,-17.66565,0.11633,29.81020,-5.10850,52.18367
A.E.73.D,E73D,E73,ddg,kcal/mol,ref2015_cart,-0.03401,0.03673,-0.02211,0.13333,0.00034,-0.01224,-0.01973,-0.12755,-0.01054,0.00068,-0.00510,0.00646,0.00000,-0.01769,-0.46327,0.10544,0.00000,0.19660,0.12279,0.04218
A.E.73.K,E73K,E73,wt,kcal/mol,ref2015_cart,-469.77925,-810.42721,66.60578,417.67381,1.27517,21.83912,-41.11803,-185.79728,-40.37177,-20.91803,-27.98401,-14.23299,0.00000,1.28810,103.51565,-17.77075,0.11633,29.61361,-5.23027,52.14354
A.E.73.K,E73K,E73,mut,kcal/mol,ref2015_cart,-469.84116,-811.27891,66.67925,418.24218,1.27721,21.82755,-41.28061,-185.84898,-40.38503,-20.92109,-27.97143,-14.23571,0.00000,1.27143,103.00476,-17.66599,0.11633,30.29728,-5.17551,52.20680
A.E.73.K,E73K,E73,ddg,kcal/mol,ref2015_cart,-0.06190,-0.85170,0.07347,0.56837,0.00204,-0.01156,-0.16259,-0.05170,-0.01327,-0.00306,0.01259,-0.00272,0.00000,-0.01667,-0.51088,0.10476,0.00000,0.68367,0.05476,0.06327
A.A.77.D,A77D,A77,wt,kcal/mol,ref2015_cart,-469.62177,-810.66973,66.97313,417.34728,1.26190,21.86054,-41.04660,-185.72619,-40.37313,-20.91939,-27.94490,-14.21122,0.00000,1.28299,103.85000,-17.77143,0.11565,29.61361,-5.22721,51.96259
A.A.77.D,A77D,A77,mut,kcal/mol,ref2015_cart,-469.22755,-811.25952,67.02925,419.59966,1.26667,22.00748,-41.31667,-186.35306,-40.37313,-20.89728,-27.68980,-14.71395,0.00000,1.24524,104.53912,-17.77619,0.11463,28.43299,-5.12109,52.03844
A.A.77.D,A77D,A77,ddg,kcal/mol,ref2015_cart,0.39422,-0.58980,0.05612,2.25238,0.00476,0.14694,-0.27007,-0.62687,0.00000,0.02211,0.25510,-0.50272,0.00000,-0.03776,0.68912,-0.00476,-0.00102,-1.18061,0.10612,0.07585
A.A.77.T,A77T,A77,wt,kcal/mol,ref2015_cart,-469.62177,-810.66973,66.97313,417.34728,1.26190,21.86054,-41.04660,-185.72619,-40.37313,-20.91939,-27.94490,-14.21122,0.00000,1.28299,103.85000,-17.77143,0.11565,29.61361,-5.22721,51.96259
A.A.77.T,A77T,A77,mut,kcal/mol,ref2015_cart,-470.36871,-811.96837,66.97993,418.53980,1.26463,21.88299,-41.16190,-186.25034,-40.37313,-20.91122,-27.88537,-14.56497,0.00000,1.23980,103.92075,-17.79762,0.11565,29.55476,-5.20034,52.24592
A.A.77.T,A77T,A77,ddg,kcal/mol,ref2015_cart,-0.74694,-1.29864,0.00680,1.19252,0.00272,0.02245,-0.11531,-0.52415,0.00000,0.00816,0.05952,-0.35374,0.00000,-0.04320,0.07075,-0.02619,0.00000,-0.05884,0.02687,0.28333
A.L.78.M,L78M,L78,wt,kcal/mol,ref2015_cart,-469.62891,-810.64150,66.89320,417.33912,1.26259,21.86054,-41.05476,-185.73503,-40.37313,-20.91293,-27.94014,-14.21769,0.00000,1.28571,103.85034,-17.77211,0.11633,29.61361,-5.23027,52.02687
A.L.78.M,L78M,L78,mut,kcal/mol,ref2015_cart,-468.13844,-810.89116,66.80306,418.73401,1.25000,21.85952,-41.10306,-185.67313,-40.37313,-20.82347,-27.93095,-14.21259,0.00000,1.27619,104.02245,-17.62993,0.11633,29.61190,-5.16293,51.98776
A.L.78.M,L78M,L78,ddg,kcal/mol,ref2015_cart,1.49048,-0.24966,-0.09014,1.39490,-0.01259,-0.00102,-0.04830,0.06190,0.00000,0.08946,0.00918,0.00510,0.00000,-0.00952,0.17211,0.14218,0.00000,-0.00170,0.06735,-0.03912
A.L.78.Q,L78Q,L78,wt,kcal/mol,ref2015_cart,-469.62891,-810.64150,66.89320,417.33912,1.26259,21.86054,-41.05476,-185.73503,-40.37313,-20.91293,-27.94014,-14.21769,0.00000,1.28571,103.85034,-17.77211,0.11633,29.61361,-5.23027,52.02687
A.L.78.Q,L78Q,L78,mut,kcal/mol,ref2015_cart,-467.04456,-810.28265,66.34456,421.70476,1.25102,21.94422,-41.38946,-186.21361,-40.37313,-20.90952,-27.94218,-14.20986,0.00000,1.30374,104.23571,-17.59796,0.11565,28.55476,-5.20340,51.62211
A.L.78.Q,L78Q,L78,ddg,kcal/mol,ref2015_cart,2.58435,0.35884,-0.54864,4.36565,-0.01156,0.08367,-0.33469,-0.47857,0.00000,0.00340,-0.00204,0.00782,0.00000,0.01803,0.38537,0.17415,-0.00068,-1.05884,0.02687,-0.40476
A.F.81.L,F81L,F81,wt,kcal/mol,ref2015_cart,-469.55748,-810.73095,66.96463,417.41837,1.26259,21.86871,-41.12925,-185.61190,-40.37313,-20.91803,-27.95782,-14.21565,0.00000,1.28776,103.83401,-17.76735,0.11088,29.61361,-5.23299,52.01871
A.F.81.L,F81L,F81,mut,kcal/mol,ref2015_cart,-467.33878,-808.50476,66.89252,416.73469,1.27075,21.88027,-41.05170,-185.52449,-40.37313,-20.94456,-27.98129,-14.22007,0.00000,1.41667,103.65544,-17.71599,0.11054,29.76429,-5.21395,52.46531
A.F.81.L,F81L,F81,ddg,kcal/mol,ref2015_cart,2.21871,2.22619,-0.07211,-0.68367,0.00816,0.01156,0.07755,0.08741,0.00000,-0.02653,-0.02347,-0.00442,0.00000,0.12891,-0.17857,0.05136,-0.00034,0.15068,0.01905,0.44660
A.E.83.K,E83K,E83,wt,kcal/mol,ref2015_cart,-469.52041,-810.63163,66.91020,417.41327,1.25782,21.85680,-41.11837,-185.56769,-40.37653,-20.91701,-27.95578,-14.23027,0.00000,1.28605,103.86088,-17.76803,0.11156,29.61361,-5.23163,51.96599
A.E.83.K,E83K,E83,mut,kcal/mol,ref2015_cart,-468.52415,-811.30442,67.01565,416.64456,1.25680,21.59898,-41.63469,-183.75612,-40.36973,-20.89422,-27.73265,-12.96633,0.00000,1.27789,102.98912,-17.81905,0.11190,30.29728,-5.31293,52.07415
A.E.83.K,E83K,E83,ddg,kcal/mol,ref2015_cart,0.99626,-0.67279,0.10544,-0.76871,-0.00102,-0.25782,-0.51633,1.81156,0.00680,0.02279,0.22313,1.26395,0.00000,-0.00816,-0.87177,-0.05102,0.00034,0.68367,-0.08129,0.10816
A.A.85.V,A85V,A85,wt,kcal/mol,ref2015_cart,-469.50034,-810.60238,66.91429,417.38810,1.25578,21.85374,-41.12789,-185.53571,-40.37551,-20.92211,-27.95816,-14.23571,0.00000,1.29830,103.86190,-17.76837,0.11156,29.61361,-5.22585,51.95442
A.A.85.V,A85V,A85,mut,kcal/mol,ref2015_cart,-469.38197,-811.11463,66.96803,417.56395,1.26463,21.87279,-41.19762,-185.61633,-40.37551,-20.92211,-27.96293,-14.23537,0.00000,1.32483,103.84354,-17.75170,0.11088,30.06190,-5.09626,51.88027
A.A.85.V,A85V,A85,ddg,kcal/mol,ref2015_cart,0.11837,-0.51224,0.05374,0.17585,0.00884,0.01905,-0.06973,-0.08061,0.00000,0.00000,-0.00476,0.00034,0.00000,0.02653,-0.01837,0.01667,-0.00068,0.44830,0.12959,-0.07415
A.N.86.T,N86T,N86,wt,kcal/mol,ref2015_cart,-469.50952,-810.62279,66.90952,417.39218,1.25646,21.85850,-41.12653,-185.55136,-40.37143,-20.92007,-27.95714,-14.23469,0.00000,1.29116,103.86905,-17.77109,0.11156,29.61361,-5.23469,51.97891
A.N.86.T,N86T,N86,mut,kcal/mol,ref2015_cart,-469.46327,-810.34524,66.92109,416.98129,1.25646,21.76633,-40.98163,-185.47653,-40.36599,-20.94830,-27.96122,-14.22483,0.00000,1.29592,103.26769,-17.85034,0.11190,30.46122,-5.35306,51.98197
A.N.86.T,N86T,N86,ddg,kcal/mol,ref2015_cart,0.04626,0.27755,0.01156,-0.41088,0.00000,-0.09218,0.14490,0.07483,0.00544,-0.02823,-0.00408,0.00986,0.00000,0.00476,-0.60136,-0.07925,0.00034,0.84762,-0.11837,0.00306
A.S.87.C,S87C,S87,wt,kcal/mol,ref2015_cart,-469.53367,-810.67551,66.94048,417.39694,1.25782,21.86122,-41.11871,-185.57823,-40.37007,-20.92211,-27.95850,-14.22313,0.00000,1.28639,103.85000,-17.77211,0.11156,29.61361,-5.23810,52.00442
A.S.87.C,S87C,S87,mut,kcal/mol,ref2015_cart,-469.15374,-811.49762,66.93707,416.34014,1.25544,21.82177,-41.06361,-185.55918,-40.39252,-20.93367,-27.95272,-13.41190,0.00000,1.29558,103.92585,-17.66701,0.12007,30.81905,-5.21701,52.02619
A.S.87.C,S87C,S87,ddg,kcal/mol,ref2015_cart,0.37993,-0.82211,-0.00340,-1.05680,-0.00238,-0.03946,0.05510,0.01905,-0.02245,-0.01156,0.00578,0.81122,0.00000,0.00918,0.07585,0.10510,0.00850,1.20544,0.02109,0.02177
A.E.93.Q,E93Q,E93,wt,kcal/mol,ref2015_cart,-469.64388,-810.69660,66.96463,417.35782,1.26497,21.86190,-41.04898,-185.71531,-40.37313,-20.90612,-27.95102,-14.22109,0.00000,1.28673,103.84048,-17.77041,0.11599,29.61361,-5.23163,51.96429
A.E.93.Q,E93Q,E93,mut,kcal/mol,ref2015_cart,-468.97075,-810.07483,66.51735,416.64388,1.23605,21.76973,-40.93265,-184.42959,-40.37313,-21.01531,-27.39456,-15.36565,0.00000,1.27415,104.34898,-17.71224,0.11361,30.04660,-5.29966,51.67653
A.E.93.Q,E93Q,E93,ddg,kcal/mol,ref2015_cart,0.67313,0.62177,-0.44728,-0.71395,-0.02891,-0.09218,0.11633,1.28571,0.00000,-0.10918,0.55646,-1.14456,0.00000,-0.01259,0.50850,0.05816,-0.00238,0.43299,-0.06803,-0.28776
A.Y.94.C,Y94C,Y94,wt,kcal/mol,ref2015_cart,-469.75000,-810.94252,67.35136,417.33367,1.27619,21.85680,-41.02007,-185.72279,-40.37245,-20.90748,-27.95510,-14.22551,0.00000,1.28571,103.15238,-17.77143,0.11905,29.61361,-5.24286,52.42211
A.Y.94.C,Y94C,Y94,mut,kcal/mol,ref2015_cart,-467.78605,-807.65612,66.80680,416.17381,1.26667,21.77823,-40.58776,-185.82109,-40.37857,-20.90068,-27.92313,-14.26837,0.00000,1.29252,102.52041,-17.79490,0.11054,30.52245,-5.24728,52.32109
A.Y.94.C,Y94C,Y94,ddg,kcal/mol,ref2015_cart,1.96395,3.28639,-0.54456,-1.15986,-0.00952,-0.07857,0.43231,-0.09830,-0.00612,0.00680,0.03197,-0.04286,0.00000,0.00680,-0.63197,-0.02347,-0.00850,0.90884,-0.00442,-0.10102
A.N.96.D,N96D,N96,wt,kcal/mol,ref2015_cart,-469.62109,-810.54558,66.90612,417.31837,1.25850,21.85102,-41.04830,-185.67483,-40.37279,-20.92211,-27.95068,-14.24320,0.00000,1.28878,103.85238,-17.77279,0.11769,29.61361,-5.24184,51.94490
A.N.96.D,N96D,N96,mut,kcal/mol,ref2015_cart,-469.01122,-810.06429,66.93605,417.90578,1.25442,21.86361,-41.00000,-186.45986,-40.35884,-20.91803,-27.30544,-14.23707,0.00000,1.30102,103.79150,-17.82347,0.11599,29.33946,-5.30748,51.95510
A.N.96.D,N96D,N96,ddg,kcal/mol,ref2015_cart,0.60986,0.48129,0.02993,0.58741,-0.00408,0.01259,0.04830,-0.78503,0.01395,0.00408,0.64524,0.00612,0.00000,0.01224,-0.06088,-0.05068,-0.00170,-0.27415,-0.06565,0.01020
A.N.96.T,N96T,N96,wt,kcal/mol,ref2015_cart,-469.62415,-810.53810,66.90340,417.32109,1.25782,21.85000,-41.04592,-185.68435,-40.37211,-20.92007,-27.95034,-14.24116,0.00000,1.28673,103.85544,-17.77177,0.11701,29.61361,-5.23810,51.93265
A.N.96.T,N96T,N96,mut,kcal/mol,ref2015_cart,-468.42517,-809.92551,66.96293,416.34592,1.25442,21.63299,-41.09660,-185.56327,-40.37211,-20.94286,-27.05068,-14.23503,0.00000,1.22347,103.39932,-17.60714,0.11531,30.46122,-5.26020,52.23299
A.N.96.T,N96T,N96,ddg,kcal/mol,ref2015_cart,1.19898,0.61259,0.05952,-0.97517,-0.00340,-0.21701,-0.05068,0.12109,0.00000,-0.02279,0.89966,0.00612,0.00000,-0.06327,-0.45612,0.16463,-0.00170,0.84762,-0.02211,0.30034
A.A.101.T,A101T,A101,wt,kcal/mol,ref2015_cart,-469.55544,-810.60680,66.89184,417.40170,1.26020,21.85510,-41.11803,-185.63061,-40.37653,-20.92109,-27.94388,-14.19864,0.00000,1.29116,103.88231,-17.77109,0.11259,29.61361,-5.24014,51.94388
A.A.101.T,A101T,A101,mut,kcal/mol,ref2015_cart,-467.99966,-811.80238,67.14116,419.68435,1.26871,21.86973,-41.18707,-185.97279,-40.32925,-20.87585,-27.99422,-14.18163,0.00000,1.28469,104.07823,-17.64796,0.11190,29.55476,-5.11054,52.10850
A.A.101.T,A101T,A101,ddg,kcal/mol,ref2015_cart,1.55578,-1.19558,0.24932,2.28265,0.00850,0.01463,-0.06905,-0.34218,0.04728,0.04524,-0.05034,0.01701,0.00000,-0.00646,0.19592,0.12313,-0.00068,-0.05884,0.12959,0.16463
A.A.101.V,A101V,A101,wt,kcal/mol,ref2015_cart,-469.55544,-810.60680,66.89184,417.40170,1.26020,21.85510,-41.11803,-185.63061,-40.37653,-20.92109,-27.94388,-14.19864,0.00000,1.29116,103.88231,-17.77109,0.11259,29.61361,-5.24014,51.94388
A.A.101.V,A101V,A101,mut,kcal/mol,ref2015_cart,-468.91565,-812.34490,67.47211,417.79184,1.26871,21.88741,-41.21395,-185.66769,-40.35884,-20.89626,-27.93231,-14.13163,0.00000,1.27449,104.31497,-17.65102,0.11259,30.06190,-5.22177,52.31871
A.A.101.V,A101V,A101,ddg,kcal/mol,ref2015_cart,0.63980,-1.73810,0.58027,0.39014,0.00850,0.03231,-0.09592,-0.03707,0.01769,0.02483,0.01156,0.06701,0.00000,-0.01667,0.43265,0.12007,0.00000,0.44830,0.01837,0.37483
A.D.102.N,D102N,D102,wt,kcal/mol,ref2015_cart,-469.63980,-810.69966,67.25034,417.22041,1.26973,21.83878,-41.06020,-185.56871,-40.37653,-20.92007,-27.94932,-14.21905,0.00000,1.29422,103.18503,-17.77585,0.11259,29.61361,-5.23946,52.38435
A.D.102.N,D102N,D102,mut,kcal/mol,ref2015_cart,-470.02619,-811.22789,67.22891,417.56565,1.27109,21.72857,-41.15884,-185.54558,-40.34626,-20.91667,-27.95782,-14.21837,0.00000,1.31565,102.63299,-17.68129,0.11259,29.88741,-5.11735,52.40034
A.D.102.N,D102N,D102,ddg,kcal/mol,ref2015_cart,-0.38639,-0.52823,-0.02143,0.34524,0.00136,-0.11020,-0.09864,0.02313,0.03027,0.00340,-0.00850,0.00068,0.00000,0.02143,-0.55204,0.09456,0.00000,0.27381,0.12211,0.01599
A.Y.103.H,Y103H,Y103,wt,kcal/mol,ref2015_cart,-469.50680,-810.75442,67.36803,417.31293,1.27279,21.85068,-40.98844,-185.74456,-40.37687,-20.92075,-27.94592,-14.22959,0.00000,1.29490,103.17755,-17.78231,0.11667,29.61361,-5.23878,52.46769
A.Y.103.H,Y103H,Y103,mut,kcal/mol,ref2015_cart,-467.52177,-809.08639,66.92857,418.74048,1.26259,21.94524,-41.19864,-185.90816,-40.36463,-20.92075,-27.94694,-14.22279,0.00000,1.28605,103.08435,-17.72347,0.11701,29.31327,-5.24388,52.41701
A.Y.103.H,Y103H,Y103,ddg,kcal/mol,ref2015_cart,1.98503,1.66803,-0.43946,1.42755,-0.01020,0.09456,-0.21020,-0.16361,0.01224,0.00000,-0.00102,0.00680,0.00000,-0.00884,-0.09320,0.05884,0.00034,-0.30034,-0.00510,-0.05068
A.A.106.V,A106V,A106,wt,kcal/mol,ref2015_cart,-469.59286,-810.61905,66.90680,417.35680,1.25748,21.84728,-41.11939,-185.54218,-40.36803,-20.92075,-27.95442,-14.23367,0.00000,1.29082,103.76871,-17.77075,0.11259,29.61361,-5.23027,52.01190
A.A.106.V,A106V,A106,mut,kcal/mol,ref2015_cart,-469.60102,-811.32007,66.95510,417.66633,1.26361,21.86939,-41.23639,-185.57755,-40.39014,-20.92075,-27.95442,-14.23333,0.00000,1.33061,103.78912,-17.81769,0.11293,30.06190,-5.16769,51.96803
A.A.106.V,A106V,A106,ddg,kcal/mol,ref2015_cart,-0.00816,-0.70102,0.04830,0.30952,0.00612,0.02211,-0.11701,-0.03537,-0.02211,0.00000,0.00000,0.00034,0.00000,0.03980,0.02041,-0.04694,0.00034,0.44830,0.06259,-0.04388
A.R.108.H,R108H,R108,wt,kcal/mol,ref2015_cart,-469.65170,-810.67041,66.89626,417.39558,1.25782,21.85612,-41.12109,-185.56020,-40.36735,-20.92075,-27.95544,-14.22959,0.00000,1.29558,103.73095,-17.77075,0.11293,29.61361,-5.21905,52.00408
A.R.108.H,R108H,R108,mut,kcal/mol,ref2015_cart,-469.73163,-810.95612,66.83605,417.56259,1.25476,21.82279,-41.18027,-185.15102,-40.38912,-20.92075,-27.95544,-14.22857,0.00000,1.27585,103.75068,-17.93571,0.11293,29.54354,-5.14796,51.97449
A.R.108.H,R108H,R108,ddg,kcal/mol,ref2015_cart,-0.07993,-0.28571,-0.06020,0.16701,-0.00306,-0.03333,-0.05918,0.40918,-0.02177,0.00000,0.00000,0.00102,0.00000,-0.01973,0.01973,-0.16497,0.00000,-0.07007,0.07109,-0.02959
A.D.113.E,D113E,D113,wt,kcal/mol,ref2015_cart,-469.61429,-810.58469,66.88027,417.27925,1.26020,21.85102,-41.20340,-185.49524,-40.36939,-20.92075,-27.93980,-14.21565,0.00000,1.29048,103.79252,-17.76701,0.11224,29.61361,-5.23776,52.03946
A.D.113.E,D113E,D113,mut,kcal/mol,ref2015_cart,-469.01429,-810.62585,67.60646,417.47415,1.25646,21.81395,-40.87721,-186.35986,-40.36429,-20.92075,-27.93776,-14.39660,0.00000,1.27245,104.49218,-17.93912,0.11224,29.41667,-5.33231,52.29558
A.D.113.E,D113E,D113,ddg,kcal/mol,ref2015_cart,0.60000,-0.04116,0.72619,0.19490,-0.00374,-0.03707,0.32619,-0.86463,0.00510,0.00000,0.00204,-0.18095,0.00000,-0.01803,0.69966,-0.17211,0.00000,-0.19694,-0.09456,0.25612
A.R.116.S,R116S,R116,wt,kcal/mol,ref2015_cart,-470.62109,-810.99150,66.33333,417.55442,1.31122,21.87143,-41.15884,-185.60476,-40.37721,-20.92075,-28.03673,-14.23469,0.00000,1.28776,103.54422,-17.76973,0.11293,29.61361,-5.23537,52.07993
A.R.116.S,R116S,R116,mut,kcal/mol,ref2015_cart,-468.49864,-807.47381,66.01599,414.99218,1.30136,21.54558,-41.14966,-183.97585,-40.37177,-20.92075,-27.82993,-13.91156,0.00000,1.28912,102.96871,-17.62143,0.11293,29.54728,-5.14592,52.12925
A.R.116.S,R116S,R116,ddg,kcal/mol,ref2015_cart,2.12245,3.51769,-0.31735,-2.56224,-0.00986,-0.32585,0.00918,1.62891,0.00544,0.00000,0.20680,0.32313,0.00000,0.00136,-0.57551,0.14830,0.00000,-0.06633,0.08946,0.04932
A.Q.120.H,Q120H,Q120,wt,kcal/mol,ref2015_cart,-470.52959,-810.77551,66.26020,417.46429,1.30374,21.86156,-41.25544,-185.53810,-40.37653,-20.92075,-28.01122,-14.22143,0.00000,1.29048,103.64830,-17.77551,0.11224,29.61361,-5.23571,52.02619
A.Q.120.H,Q120H,Q120,mut,kcal/mol,ref2015_cart,-469.37381,-809.69082,66.14660,416.60442,1.30408,21.95306,-40.96599,-185.15340,-40.41497,-20.92075,-28.07653,-14.24762,0.00000,1.29014,103.54898,-17.81190,0.11224,30.00476,-5.14286,52.08673
A.Q.120.H,Q120H,Q120,ddg,kcal/mol,ref2015_cart,1.15578,1.08469,-0.11361,-0.85986,0.00034,0.09150,0.28946,0.38469,-0.03844,0.00000,-0.06531,-0.02619,0.00000,-0.00034,-0.09932,-0.03639,0.00000,0.39116,0.09286,0.06054
A.A.123.V,A123V,A123,wt,kcal/mol,ref2015_cart,-470.68810,-811.10578,66.55238,417.32619,1.30680,21.85748,-41.26667,-185.65238,-40.36667,-20.92075,-28.01531,-14.22993,0.00000,1.27483,103.85578,-17.77789,0.11224,29.61361,-5.22687,51.97517
A.A.123.V,A123V,A123,mut,kcal/mol,ref2015_cart,-470.71973,-813.33571,67.55204,416.97857,1.30612,21.85612,-41.29966,-185.54728,-40.41327,-20.92075,-27.90102,-14.22823,0.00000,1.44660,104.00782,-17.71633,0.11224,30.06190,-5.06054,52.38231
A.A.123.V,A123V,A123,ddg,kcal/mol,ref2015_cart,-0.03163,-2.22993,0.99966,-0.34762,-0.00068,-0.00136,-0.03299,0.10510,-0.04660,0.00000,0.11429,0.00170,0.00000,0.17177,0.15204,0.06156,0.00000,0.44830,0.16633,0.40714
A.A.125.T,A125T,A125,wt,kcal/mol,ref2015_cart,-470.75612,-811.05646,66.49796,417.32687,1.30204,21.86293,-41.16871,-185.67313,-40.39966,-20.92075,-28.01769,-14.23401,0.00000,1.34150,103.87041,-17.78946,0.11224,29.61361,-5.25306,51.82925
A.A.125.T,A125T,A125,mut,kcal/mol,ref2015_cart,-468.41463,-812.79422,67.45034,419.52245,1.36020,21.89388,-41.36361,-185.82381,-40.40374,-20.92075,-28.01190,-14.23707,0.00000,1.35544,104.08095,-17.68231,0.11224,29.55476,-5.08673,52.57891
A.A.125.T,A125T,A125,ddg,kcal/mol,ref2015_cart,2.34150,-1.73776,0.95238,2.19558,0.05816,0.03095,-0.19490,-0.15068,-0.00408,0.00000,0.00578,-0.00306,0.00000,0.01395,0.21054,0.10714,0.00000,-0.05884,0.16633,0.74966
A.R.127.W,R127W,R127,wt,kcal/mol,ref2015_cart,-470.77517,-811.08129,66.57041,417.28912,1.30136,21.86224,-41.26054,-185.63435,-40.37857,-20.92075,-28.00578,-14.22517,0.00000,1.31735,103.83537,-17.78333,0.11224,29.61361,-5.24354,51.85714
A.R.127.W,R127W,R127,mut,kcal/mol,ref2015_cart,-470.21667,-811.74116,67.16769,415.49014,1.27041,21.81871,-41.41735,-185.02415,-40.38810,-20.92075,-27.57653,-14.22177,0.00000,1.30952,104.38027,-17.76973,0.11224,30.41463,-5.18367,52.06224
A.R.127.W,R127W,R127,ddg,kcal/mol,ref2015_cart,0.55850,-0.65986,0.59728,-1.79898,-0.03095,-0.04354,-0.15680,0.61020,-0.00952,0.00000,0.42925,0.00340,0.00000,-0.00782,0.54490,0.01361,0.00000,0.80102,0.05986,0.20510
A.I.135.V,I135V,I135,wt,kcal/mol,ref2015_cart,-469.81122,-810.53980,66.72279,417.62177,1.27313,21.83265,-41.19252,-185.67279,-40.37313,-20.92381,-27.98844,-14.20646,0.00000,1.38435,103.51327,-17.77993,0.11156,29.61361,-5.23333,52.02619
A.I.135.V,I135V,I135,mut,kcal/mol,ref2015_cart,-469.01531,-808.91633,66.55510,417.53367,1.26361,21.81769,-41.16633,-185.57143,-40.37313,-20.93197,-27.99694,-14.20340,0.00000,1.37381,102.94218,-17.82857,0.11156,29.72891,-5.29082,51.93707
A.I.135.V,I135V,I135,ddg,kcal/mol,ref2015_cart,0.79592,1.62347,-0.16769,-0.08810,-0.00952,-0.01497,0.02619,0.10136,0.00000,-0.00816,-0.00850,0.00306,0.00000,-0.01054,-0.57109,-0.04864,0.00000,0.11531,-0.05748,-0.08912
A.R.137.C,R137C,R137,wt,kcal/mol,ref2015_cart,-470.08231,-810.59932,66.73163,417.64456,1.27653,21.84082,-41.20374,-185.68469,-40.37483,-20.92075,-27.98741,-14.20306,0.00000,1.29082,103.29524,-17.77517,0.11156,29.61361,-5.23571,52.09762
A.R.137.C,R137C,R137,mut,kcal/mol,ref2015_cart,-468.27891,-806.94592,66.27993,413.46395,1.27381,21.67925,-40.83027,-184.72007,-40.37109,-20.92075,-27.62517,-13.70510,0.00000,1.30986,102.71939,-17.77653,0.12041,30.75272,-4.95782,51.97415
A.R.137.C,R137C,R137,ddg,kcal/mol,ref2015_cart,1.80340,3.65340,-0.45170,-4.18061,-0.00272,-0.16156,0.37347,0.96463,0.00374,0.00000,0.36224,0.49796,0.00000,0.01905,-0.57585,-0.00136,0.00884,1.13912,0.27789,-0.12347
A.R.137.H,R137H,R137,wt,kcal/mol,ref2015_cart,-470.08231,-810.59932,66.73163,417.64456,1.27653,21.84082,-41.20374,-185.68469,-40.37483,-20.92075,-27.98741,-14.20306,0.00000,1.29082,103.29524,-17.77517,0.11156,29.61361,-5.23571,52.09762
A.R.137.H,R137H,R137,mut,kcal/mol,ref2015_cart,-467.29082,-809.54048,67.99252,416.14354,1.29286,21.83095,-41.29966,-184.77687,-40.37381,-20.92075,-27.57041,-13.70816,0.00000,1.32347,102.80340,-17.93673,0.10918,29.54354,-5.40374,53.20000
A.R.137.H,R137H,R137,ddg,kcal/mol,ref2015_cart,2.79150,1.05884,1.26088,-1.50102,0.01633,-0.00986,-0.09592,0.90782,0.00102,0.00000,0.41701,0.49490,0.00000,0.03265,-0.49184,-0.16156,-0.00238,-0.07007,-0.16803,1.10238
A.D.138.N,D138N,D138,wt,kcal/mol,ref2015_cart,-469.59796,-810.51395,66.85238,417.33469,1.25850,21.85578,-41.12245,-185.57687,-40.37483,-20.92075,-27.94592,-14.20748,0.00000,1.28571,103.80408,-17.77211,0.11122,29.61361,-5.22857,51.94898
A.D.138.N,D138N,D138,mut,kcal/mol,ref2015_cart,-468.24728,-810.84728,67.03571,415.77041,1.25850,21.82075,-41.47925,-182.54592,-40.36565,-20.92075,-28.07789,-13.73231,0.00000,1.26769,103.68299,-17.81293,0.11122,29.88741,-5.22313,51.92279
A.D.138.N,D138N,D138,ddg,kcal/mol,ref2015_cart,1.35068,-0.33333,0.18333,-1.56429,0.00000,-0.03503,-0.35680,3.03095,0.00918,0.00000,-0.13197,0.47517,0.00000,-0.01803,-0.12109,-0.04082,0.00000,0.27381,0.00544,-0.02619
A.L.139.P,L139P,L139,wt,kcal/mol,ref2015_cart,-470.00306,-810.26565,66.49796,417.63946,1.27483,21.83707,-41.20340,-185.69762,-40.38605,-20.92075,-27.98673,-14.21633,0.00000,1.29150,103.49660,-17.76565,0.11156,29.61361,-5.22993,51.90646
A.L.139.P,L139P,L139,mut,kcal/mol,ref2015_cart,-467.21905,-808.91361,66.76054,418.54286,1.27279,21.87925,-41.30680,-186.00374,-40.40680,-20.92075,-28.04762,-13.93810,0.00000,1.43299,103.67075,-18.15068,0.11293,28.48946,-4.74626,53.05442
A.L.139.P,L139P,L139,ddg,kcal/mol,ref2015_cart,2.78401,1.35204,0.26259,0.90340,-0.00204,0.04218,-0.10340,-0.30612,-0.02075,0.00000,-0.06088,0.27823,0.00000,0.14150,0.17415,-0.38503,0.00136,-1.12415,0.48367,1.14796
A.P.141.L,P141L,P141,wt,kcal/mol,ref2015_cart,-469.55612,-810.59218,66.82891,417.40782,1.26054,21.85748,-41.12721,-185.58469,-40.37109,-20.92109,-27.94558,-14.21837,0.00000,1.28946,103.85408,-17.77245,0.11224,29.61361,-5.23129,51.98367
A.P.141.L,P141L,P141,mut,kcal/mol,ref2015_cart,-468.20816,-811.93946,66.80000,417.08299,1.28673,21.93061,-41.35238,-185.54184,-40.42993,-20.84898,-27.94592,-14.19728,0.00000,1.35442,105.57449,-17.65612,0.11769,30.73741,-5.18163,52.00102
A.P.141.L,P141L,P141,ddg,kcal/mol,ref2015_cart,1.34796,-1.34728,-0.02891,-0.32483,0.02619,0.07313,-0.22517,0.04286,-0.05884,0.07211,-0.00034,0.02109,0.00000,0.06497,1.72041,0.11633,0.00544,1.12381,0.04966,0.01735
A.L.145.M,L145M,L145,wt,kcal/mol,ref2015_cart,-469.65646,-810.56871,66.85510,417.38605,1.26259,21.85612,-41.05714,-185.72925,-40.37279,-20.91939,-27.94966,-14.21190,0.00000,1.28980,103.83776,-17.77041,0.11667,29.61361,-5.23333,51.93810
A.L.145.M,L145M,L145,mut,kcal/mol,ref2015_cart,-469.13707,-811.51905,66.83980,418.42245,1.26088,21.85306,-41.03878,-185.69592,-40.37143,-20.93639,-27.95034,-14.21905,0.00000,1.27721,104.13912,-17.65374,0.11667,29.61190,-5.17789,51.90442
A.L.145.M,L145M,L145,ddg,kcal/mol,ref2015_cart,0.51939,-0.95034,-0.01531,1.03639,-0.00170,-0.00306,0.01837,0.03333,0.00136,-0.01701,-0.00068,-0.00714,0.00000,-0.01259,0.30136,0.11667,0.00000,-0.00170,0.05544,-0.03367
A.S.147.F,S147F,S147,wt,kcal/mol,ref2015_cart,-469.63061,-810.53707,66.83095,417.32891,1.26190,21.85238,-41.04286,-185.67075,-40.37313,-20.91633,-27.95408,-14.24150,0.00000,1.29014,103.84694,-17.77415,0.11701,29.61361,-5.23639,51.97381
A.S.147.F,S147F,S147,mut,kcal/mol,ref2015_cart,-471.63367,-814.23231,66.95340,418.17857,1.27517,22.03537,-41.13741,-185.97483,-40.37313,-20.91361,-27.94864,-14.60442,0.00000,1.30340,104.68878,-17.82449,0.12007,30.12653,-5.27347,51.96667
A.S.147.F,S147F,S147,ddg,kcal/mol,ref2015_cart,-2.00306,-3.69524,0.12245,0.84966,0.01327,0.18299,-0.09456,-0.30408,0.00000,0.00272,0.00544,-0.36293,0.00000,0.01327,0.84184,-0.05034,0.00306,0.51293,-0.03707,-0.00714
A.S.147.P,S147P,S147,wt,kcal/mol,ref2015_cart,-469.63231,-810.53571,66.83639,417.32687,1.26190,21.85272,-41.04422,-185.67007,-40.37313,-20.91599,-27.95340,-14.24048,0.00000,1.28810,103.84966,-17.77551,0.11701,29.61361,-5.23707,51.96701
A.S.147.P,S147P,S147,mut,kcal/mol,ref2015_cart,-467.38163,-812.44830,68.12415,415.98367,1.26361,21.85884,-41.05408,-184.12279,-40.37313,-20.10340,-27.96088,-14.24082,0.00000,1.37007,104.05646,-17.90510,0.11633,29.15306,-5.30544,54.20578
A.S.147.P,S147P,S147,ddg,kcal/mol,ref2015_cart,2.25068,-1.91259,1.28776,-1.34320,0.00170,0.00612,-0.00986,1.54728,0.00000,0.81259,-0.00748,-0.00034,0.00000,0.08197,0.20680,-0.12959,-0.00068,-0.46054,-0.06837,2.23878
A.N.148.T,N148T,N148,wt,kcal/mol,ref2015_cart,-469.69796,-810.57823,66.88537,417.33231,1.25952,21.84932,-41.04184,-185.66667,-40.36871,-20.91701,-27.94830,-14.23435,0.00000,1.29014,103.75340,-17.77007,0.11701,29.61361,-5.23469,51.96156
A.N.148.T,N148T,N148,mut,kcal/mol,ref2015_cart,-469.35408,-810.17347,67.19660,416.19932,1.26224,21.75204,-40.60952,-185.51293,-40.39252,-20.78980,-27.96463,-14.23537,0.00000,1.20544,102.75340,-17.57245,0.11803,30.46122,-5.03503,51.98367
A.N.148.T,N148T,N148,ddg,kcal/mol,ref2015_cart,0.34388,0.40476,0.31122,-1.13299,0.00272,-0.09728,0.43231,0.15374,-0.02381,0.12721,-0.01633,-0.00102,0.00000,-0.08469,-1.00000,0.19762,0.00102,0.84762,0.19966,0.02211
A.A.150.T,A150T,A150,wt,kcal/mol,ref2015_cart,-469.58810,-810.56259,66.89456,417.35510,1.25578,21.84864,-41.11565,-185.53435,-40.36871,-20.92075,-27.95816,-14.22551,0.00000,1.31361,103.77279,-17.77959,0.11224,29.61361,-5.23810,51.94864
A.A.150.T,A150T,A150,mut,kcal/mol,ref2015_cart,-468.49694,-811.52755,66.88571,419.01429,1.25816,21.90272,-41.30238,-185.92687,-40.34966,-20.92075,-27.95884,-14.22619,0.00000,1.25612,103.89048,-17.52041,0.11224,29.55476,-4.73197,52.09388
A.A.150.T,A150T,A150,ddg,kcal/mol,ref2015_cart,1.09116,-0.96497,-0.00884,1.65918,0.00238,0.05408,-0.18673,-0.39252,0.01905,0.00000,-0.00068,-0.00068,0.00000,-0.05748,0.11769,0.25918,0.00000,-0.05884,0.50612,0.14524
A.G.151.D,G151D,G151,wt,kcal/mol,ref2015_cart,-469.59660,-810.58741,66.91531,417.37993,1.25578,21.84728,-41.06633,-185.67891,-40.36837,-20.92075,-27.95544,-14.23469,0.00000,1.30850,103.85136,-17.77211,0.11667,29.61361,-5.25374,51.95238
A.G.151.D,G151D,G151,mut,kcal/mol,ref2015_cart,-470.35068,-811.43435,66.95034,418.81497,1.25680,21.99014,-41.30476,-186.27687,-40.36531,-20.92075,-27.94762,-14.24014,0.00000,1.30510,104.72483,-18.16361,0.11667,28.61224,-5.50170,52.03299
A.G.151.D,G151D,G151,ddg,kcal/mol,ref2015_cart,-0.75408,-0.84694,0.03503,1.43503,0.00102,0.14286,-0.23844,-0.59796,0.00306,0.00000,0.00782,-0.00544,0.00000,-0.00340,0.87347,-0.39150,0.00000,-1.00136,-0.24796,0.08061
A.G.151.R,G151R,G151,wt,kcal/mol,ref2015_cart,-469.59660,-810.58741,66.91531,417.37993,1.25578,21.84728,-41.06633,-185.67891,-40.36837,-20.92075,-27.95544,-14.23469,0.00000,1.30850,103.85136,-17.77211,0.11667,29.61361,-5.25374,51.95238
A.G.151.R,G151R,G151,mut,kcal/mol,ref2015_cart,-470.24660,-811.77279,66.93027,418.29830,1.25952,21.97007,-41.25170,-185.78503,-40.36735,-20.92075,-27.95408,-14.24082,0.00000,1.32755,104.46735,-18.06327,0.11735,29.30986,-5.55918,51.98810
A.G.151.R,G151R,G151,ddg,kcal/mol,ref2015_cart,-0.65000,-1.18537,0.01497,0.91837,0.00374,0.12279,-0.18537,-0.10612,0.00102,0.00000,0.00136,-0.00612,0.00000,0.01905,0.61599,-0.29116,0.00068,-0.30374,-0.30544,0.03571
A.G.151.S,G151S,G151,wt,kcal/mol,ref2015_cart,-469.59660,-810.58741,66.91531,417.37993,1.25578,21.84728,-41.06633,-185.67891,-40.36837,-20.92075,-27.95544,-14.23469,0.00000,1.30850,103.85136,-17.77211,0.11667,29.61361,-5.25374,51.95238
A.G.151.S,G151S,G151,mut,kcal/mol,ref2015_cart,-470.40476,-810.99320,66.89490,417.95748,1.25646,21.86599,-41.14388,-185.78027,-40.38299,-20.92075,-27.95408,-14.23741,0.00000,1.28401,103.95408,-18.05408,0.11667,29.24354,-5.46973,51.95850
A.G.151.S,G151S,G151,ddg,kcal/mol,ref2015_cart,-0.80816,-0.40578,-0.02041,0.57755,0.00068,0.01871,-0.07755,-0.10136,-0.01463,0.00000,0.00136,-0.00272,0.00000,-0.02449,0.10272,-0.28197,0.00000,-0.37007,-0.21599,0.00612
A.R.152.C,R152C,R152,wt,kcal/mol,ref2015_cart,-469.67075,-810.56463,66.93095,417.33946,1.25680,21.84898,-41.05272,-185.66701,-40.36633,-20.92075,-27.95578,-14.24082,0.00000,1.29694,103.76156,-17.77109,0.11735,29.61361,-5.25374,51.95612
A.R.152.C,R152C,R152,mut,kcal/mol,ref2015_cart,-468.99966,-810.50102,66.89932,417.17755,1.25374,21.72143,-40.99354,-185.78639,-40.35884,-20.92075,-27.95442,-14.24116,0.00000,1.29660,103.35340,-17.72075,0.11769,30.75272,-5.05136,51.95578
A.R.152.C,R152C,R152,ddg,kcal/mol,ref2015_cart,0.67109,0.06361,-0.03163,-0.16190,-0.00306,-0.12755,0.05918,-0.11939,0.00748,0.00000,0.00136,-0.00034,0.00000,-0.00034,-0.40816,0.05034,0.00034,1.13912,0.20238,-0.00034
A.R.152.L,R152L,R152,wt,kcal/mol,ref2015_cart,-469.67075,-810.56463,66.93095,417.33946,1.25680,21.84898,-41.05272,-185.66701,-40.36633,-20.92075,-27.95578,-14.24082,0.00000,1.29694,103.76156,-17.77109,0.11735,29.61361,-5.25374,51.95612
A.R.152.L,R152L,R152,mut,kcal/mol,ref2015_cart,-469.64592,-810.68503,66.91395,417.19524,1.25884,21.75680,-41.05238,-185.75170,-40.36497,-20.92075,-27.95374,-14.24116,0.00000,1.28673,103.34660,-17.60238,0.11769,30.21088,-5.11939,51.95816
A.R.152.L,R152L,R152,ddg,kcal/mol,ref2015_cart,0.02483,-0.12041,-0.01701,-0.14422,0.00204,-0.09218,0.00034,-0.08469,0.00136,0.00000,0.00204,-0.00034,0.00000,-0.01020,-0.41497,0.16871,0.00034,0.59728,0.13435,0.00204
A.R.153.H,R153H,R153,wt,kcal/mol,ref2015_cart,-469.65680,-810.62347,66.91463,417.34626,1.25646,21.85136,-41.06497,-185.67177,-40.35850,-20.92075,-27.95272,-14.22449,0.00000,1.31190,103.78061,-17.77619,0.11667,29.61361,-5.23197,51.97619
A.R.153.H,R153H,R153,mut,kcal/mol,ref2015_cart,-470.07483,-810.78537,66.90680,417.27857,1.25170,21.74796,-41.04320,-185.61633,-40.39354,-20.92075,-28.08299,-14.22381,0.00000,1.37381,103.84626,-17.96259,0.11701,29.54354,-5.22551,52.11395
A.R.153.H,R153H,R153,ddg,kcal/mol,ref2015_cart,-0.41803,-0.16190,-0.00782,-0.06769,-0.00476,-0.10340,0.02177,0.05544,-0.03503,0.00000,-0.13027,0.00068,0.00000,0.06190,0.06565,-0.18639,0.00034,-0.07007,0.00646,0.13776
A.A.154.S,A154S,A154,wt,kcal/mol,ref2015_cart,-469.69898,-810.65204,66.89184,417.33810,1.26054,21.85306,-41.04864,-185.70000,-40.36463,-20.92075,-27.95238,-14.22109,0.00000,1.29116,103.78776,-17.76939,0.11633,29.61361,-5.23231,52.01020
A.A.154.S,A154S,A154,mut,kcal/mol,ref2015_cart,-468.94422,-810.63571,66.88639,418.12857,1.26122,21.88980,-41.12075,-185.76054,-40.37041,-20.92075,-27.94762,-14.22653,0.00000,1.26701,104.05170,-17.62959,0.11633,29.06429,-4.98129,51.98401
A.A.154.S,A154S,A154,ddg,kcal/mol,ref2015_cart,0.75476,0.01633,-0.00544,0.79048,0.00068,0.03673,-0.07211,-0.06054,-0.00578,0.00000,0.00476,-0.00544,0.00000,-0.02415,0.26395,0.13980,0.00000,-0.54932,0.25102,-0.02619
A.P.156.S,P156S,P156,wt,kcal/mol,ref2015_cart,-469.61701,-810.65340,66.87007,417.36395,1.26020,21.85374,-41.12653,-185.53129,-40.38231,-20.92075,-27.96190,-14.22007,0.00000,1.30510,103.77245,-17.77211,0.11224,29.61361,-5.24116,52.04150
A.P.156.S,P156S,P156,mut,kcal/mol,ref2015_cart,-467.80578,-809.80884,66.91020,418.46497,1.26361,21.84728,-41.18061,-185.85816,-40.37551,-20.92075,-27.96769,-14.78503,0.00000,1.29830,103.85034,-17.41871,0.12313,30.07381,-5.03503,51.71259
A.P.156.S,P156S,P156,ddg,kcal/mol,ref2015_cart,1.81122,0.84456,0.04014,1.10102,0.00340,-0.00646,-0.05408,-0.32687,0.00680,0.00000,-0.00578,-0.56497,0.00000,-0.00680,0.07789,0.35340,0.01088,0.46020,0.20612,-0.32891
A.R.160.L,R160L,R160,wt,kcal/mol,ref2015_cart,-469.91769,-810.52959,66.63061,417.65408,1.28163,21.84252,-41.11224,-185.77857,-40.37347,-20.93299,-27.97823,-14.23980,0.00000,1.28707,103.40986,-17.77177,0.11701,29.61361,-5.23333,52.19592
A.R.160.L,R160L,R160,mut,kcal/mol,ref2015_cart,-471.01395,-810.47075,66.64728,416.39422,1.28673,21.74558,-40.95986,-185.73912,-40.37211,-20.95136,-27.98265,-14.24456,0.00000,1.28741,102.90986,-17.84660,0.11701,30.21088,-5.25884,52.21293
A.R.160.L,R160L,R160,ddg,kcal/mol,ref2015_cart,-1.09626,0.05884,0.01667,-1.25986,0.00510,-0.09694,0.15238,0.03946,0.00136,-0.01837,-0.00442,-0.00476,0.00000,0.00034,-0.50000,-0.07483,0.00000,0.59728,-0.02551,0.01701
A.V.161.I,V161I,V161,wt,kcal/mol,ref2015_cart,-469.92313,-810.40272,66.50680,417.66803,1.27959,21.83946,-41.12279,-185.79184,-40.37313,-20.92823,-27.98707,-14.22959,0.00000,1.28741,103.42347,-17.77041,0.11633,29.61361,-5.23163,52.17959
A.V.161.I,V161I,V161,mut,kcal/mol,ref2015_cart,-470.11293,-811.72687,66.88129,417.60782,1.31531,21.85238,-41.16463,-185.87483,-40.37313,-20.85544,-27.94762,-14.25680,0.00000,1.30306,103.69932,-17.72789,0.11667,29.49830,-5.17585,52.71565
A.V.161.I,V161I,V161,ddg,kcal/mol,ref2015_cart,-0.18980,-1.32415,0.37449,-0.06020,0.03571,0.01293,-0.04184,-0.08299,0.00000,0.07279,0.03946,-0.02721,0.00000,0.01565,0.27585,0.04252,0.00034,-0.11531,0.05578,0.53605
A.K.162.N,K162N,K162,wt,kcal/mol,ref2015_cart,-470.56327,-810.39660,66.45510,417.64660,1.28469,21.83537,-41.07177,-185.89048,-40.37313,-21.03027,-27.97653,-14.21531,0.00000,1.27551,103.26803,-17.89626,0.11633,29.61361,-5.33776,52.12891
A.K.162.N,K162N,K162,mut,kcal/mol,ref2015_cart,-468.80170,-809.49014,66.30544,416.52857,1.28469,21.84524,-40.85680,-184.29048,-40.37313,-21.00714,-28.22279,-14.21871,0.00000,1.27075,103.86667,-17.90204,0.11667,29.40068,-5.24048,52.18095
A.K.162.N,K162N,K162,ddg,kcal/mol,ref2015_cart,1.76156,0.90646,-0.14966,-1.11803,0.00000,0.00986,0.21497,1.60000,0.00000,0.02313,-0.24626,-0.00340,0.00000,-0.00476,0.59864,-0.00578,0.00034,-0.21293,0.09728,0.05204
A.D.165.N,D165N,D165,wt,kcal/mol,ref2015_cart,-469.65918,-810.64660,66.89660,417.34422,1.26259,21.86463,-41.05952,-185.71769,-40.37483,-20.92109,-27.94490,-14.20952,0.00000,1.28707,103.82483,-17.76701,0.11633,29.61361,-5.23265,52.00510
A.D.165.N,D165N,D165,mut,kcal/mol,ref2015_cart,-469.95306,-811.25748,67.00476,416.25816,1.26497,21.85476,-41.14626,-184.19388,-40.38367,-20.91667,-27.95884,-14.28741,0.00000,1.30884,103.64932,-17.91463,0.11565,29.88741,-5.34626,52.10884
A.D.165.N,D165N,D165,ddg,kcal/mol,ref2015_cart,-0.29388,-0.61088,0.10816,-1.08605,0.00238,-0.00986,-0.08673,1.52381,-0.00884,0.00442,-0.01395,-0.07789,0.00000,0.02177,-0.17551,-0.14762,-0.00068,0.27381,-0.11361,0.10374
A.G.167.A,G167A,G167,wt,kcal/mol,ref2015_cart,-469.54830,-810.62177,66.87143,417.37347,1.26122,21.86156,-41.11905,-185.58401,-40.37075,-20.92075,-27.95578,-14.21259,0.00000,1.29286,103.86020,-17.77143,0.11224,29.61361,-5.23163,51.99354
A.G.167.A,G167A,G167,mut,kcal/mol,ref2015_cart,-471.37449,-811.56429,66.87245,416.82993,1.26088,21.86633,-41.22755,-185.54762,-40.38231,-20.92075,-27.95816,-14.21599,0.00000,1.30476,103.88095,-18.04626,0.11224,29.79252,-5.52143,52.09014
A.G.167.A,G167A,G167,ddg,kcal/mol,ref2015_cart,-1.82619,-0.94252,0.00102,-0.54354,-0.00034,0.00476,-0.10850,0.03639,-0.01156,0.00000,-0.00238,-0.00340,0.00000,0.01190,0.02075,-0.27483,0.00000,0.17891,-0.28980,0.09660
A.A.169.T,A169T,A169,wt,kcal/mol,ref2015_cart,-469.68163,-810.29320,66.62959,417.52619,1.27585,21.83776,-41.15068,-185.67857,-40.37517,-20.92347,-27.96224,-14.21088,0.00000,1.33367,103.44694,-17.77687,0.11156,29.61361,-5.24490,52.15918
A.A.169.T,A169T,A169,mut,kcal/mol,ref2015_cart,-466.48605,-811.80102,67.62721,419.38912,1.31088,21.86088,-41.28537,-186.28129,-40.30578,-20.76020,-27.87619,-14.21259,0.00000,1.40102,103.52109,-17.89728,0.11293,29.55476,-5.20612,54.36224
A.A.169.T,A169T,A169,ddg,kcal/mol,ref2015_cart,3.19558,-1.50782,0.99762,1.86293,0.03503,0.02313,-0.13469,-0.60272,0.06939,0.16327,0.08605,-0.00170,0.00000,0.06735,0.07415,-0.12041,0.00136,-0.05884,0.03878,2.20306
A.A.169.V,A169V,A169,wt,kcal/mol,ref2015_cart,-469.68163,-810.29320,66.62959,417.52619,1.27585,21.83776,-41.15068,-185.67857,-40.37517,-20.92347,-27.96224,-14.21088,0.00000,1.33367,103.44694,-17.77687,0.11156,29.61361,-5.24490,52.15918
A.A.169.V,A169V,A169,mut,kcal/mol,ref2015_cart,-467.38776,-812.72653,68.46531,417.09286,1.31020,21.86122,-41.19898,-185.72585,-40.31565,-20.91463,-27.89592,-14.21497,0.00000,1.44286,103.87211,-17.57517,0.11429,30.06190,-5.17041,54.13027
A.A.169.V,A169V,A169,ddg,kcal/mol,ref2015_cart,2.29388,-2.43333,1.83571,-0.43333,0.03435,0.02347,-0.04830,-0.04728,0.05952,0.00884,0.06633,-0.00408,0.00000,0.10918,0.42517,0.20170,0.00272,0.44830,0.07449,1.97109
A.R.170.W,R170W,R170,wt,kcal/mol,ref2015_cart,-469.71939,-810.49932,66.65918,417.68231,1.27721,21.84830,-41.19864,-185.67313,-40.37109,-20.92245,-27.98333,-14.21463,0.00000,1.28469,103.50272,-17.77279,0.11122,29.61361,-5.23707,52.17483
A.R.170.W,R170W,R170,mut,kcal/mol,ref2015_cart,-468.64592,-812.41939,67.75816,416.08129,1.29456,21.92483,-41.10102,-184.37993,-40.36701,-20.84490,-27.55306,-14.21395,0.00000,1.29082,103.81803,-17.88571,0.11190,30.41463,-5.07177,52.49592
A.R.170.W,R170W,R170,ddg,kcal/mol,ref2015_cart,1.07347,-1.92007,1.09898,-1.60102,0.01735,0.07653,0.09762,1.29320,0.00408,0.07755,0.43027,0.00068,0.00000,0.00612,0.31531,-0.11293,0.00068,0.80102,0.16531,0.32109
A.Y.171.H,Y171H,Y171,wt,kcal/mol,ref2015_cart,-469.82551,-810.58333,66.78673,417.64116,1.28027,21.83163,-41.18367,-185.66837,-40.37313,-20.91667,-27.98469,-14.22245,0.00000,1.28844,103.47891,-17.77381,0.11156,29.61361,-5.23878,52.08741
A.Y.171.H,Y171H,Y171,mut,kcal/mol,ref2015_cart,-468.45136,-809.87007,66.64456,418.94150,1.27041,21.70510,-41.63231,-185.62007,-40.37313,-20.89830,-27.98265,-14.46939,0.00000,1.28605,103.92857,-17.69490,0.11156,29.31327,-5.15272,52.04082
A.Y.171.H,Y171H,Y171,ddg,kcal/mol,ref2015_cart,1.37415,0.71327,-0.14218,1.30034,-0.00986,-0.12653,-0.44864,0.04830,0.00000,0.01837,0.00204,-0.24694,0.00000,-0.00238,0.44966,0.07891,0.00000,-0.30034,0.08605,-0.04660
A.L.172.F,L172F,L172,wt,kcal/mol,ref2015_cart,-469.52279,-810.66531,66.88265,417.56190,1.25748,21.97823,-41.18878,-185.28435,-40.37721,-20.91565,-27.95646,-14.22279,0.00000,1.28776,103.38401,-17.78197,0.11190,29.61361,-5.24626,52.03946
A.L.172.F,L172F,L172,mut,kcal/mol,ref2015_cart,-467.62755,-812.61327,68.11837,418.17925,1.30000,22.08299,-41.29728,-185.32993,-40.36020,-20.91327,-27.99898,-14.23435,0.00000,1.42585,104.04252,-17.93061,0.11156,29.46259,-5.31701,53.64456
A.L.172.F,L172F,L172,ddg,kcal/mol,ref2015_cart,1.89524,-1.94796,1.23571,0.61735,0.04252,0.10476,-0.10850,-0.04558,0.01701,0.00238,-0.04252,-0.01156,0.00000,0.13810,0.65850,-0.14864,-0.00034,-0.15102,-0.07075,1.60510
A.S.174.N,S174N,S174,wt,kcal/mol,ref2015_cart,-469.50306,-810.55476,66.89932,417.33265,1.25510,21.84796,-41.12449,-185.51020,-40.37245,-20.92075,-27.96054,-14.22449,0.00000,1.29184,103.86633,-17.77109,0.11190,29.61361,-5.23639,51.95374
A.S.174.N,S174N,S174,mut,kcal/mol,ref2015_cart,-469.23129,-810.65578,66.89252,417.20952,1.25646,21.93571,-41.12857,-185.36497,-40.37449,-20.92075,-27.95850,-14.22483,0.00000,1.27721,104.24286,-17.64796,0.11224,29.25612,-5.04932,51.91190
A.S.174.N,S174N,S174,ddg,kcal/mol,ref2015_cart,0.27177,-0.10102,-0.00680,-0.12313,0.00136,0.08776,-0.00408,0.14524,-0.00204,0.00000,0.00204,-0.00034,0.00000,-0.01463,0.37653,0.12313,0.00034,-0.35748,0.18707,-0.04184
A.M.177.V,M177V,M177,wt,kcal/mol,ref2015_cart,-469.51088,-810.57143,66.87381,417.33435,1.25510,21.85272,-41.13027,-185.49694,-40.37347,-20.92211,-27.94864,-14.22721,0.00000,1.29082,103.86224,-17.77075,0.11224,29.61361,-5.23367,51.96871
A.M.177.V,M177V,M177,mut,kcal/mol,ref2015_cart,-468.95170,-809.13061,66.87245,416.41190,1.26599,21.84898,-41.02109,-185.36156,-40.36735,-20.94762,-27.92619,-14.23129,0.00000,1.29218,103.47959,-17.88027,0.11156,29.94864,-5.37007,52.05238
A.M.177.V,M177V,M177,ddg,kcal/mol,ref2015_cart,0.55918,1.44082,-0.00136,-0.92245,0.01088,-0.00374,0.10918,0.13537,0.00612,-0.02551,0.02245,-0.00408,0.00000,0.00136,-0.38265,-0.10952,-0.00068,0.33503,-0.13639,0.08367
A.T.180.I,T180I,T180,wt,kcal/mol,ref2015_cart,-469.52041,-810.66939,66.90816,417.40238,1.25612,21.85748,-41.13571,-185.51973,-40.37313,-20.92075,-27.93946,-14.22619,0.00000,1.29966,103.84728,-17.77381,0.11156,29.61361,-5.24116,51.98299
A.T.180.I,T180I,T180,mut,kcal/mol,ref2015_cart,-469.72653,-811.49116,67.00544,417.13367,1.26361,21.87007,-40.96088,-185.17789,-40.37313,-20.92075,-27.90612,-14.22177,0.00000,1.30272,103.86837,-17.91497,0.11156,30.00544,-5.34660,52.02551
A.T.180.I,T180I,T180,ddg,kcal/mol,ref2015_cart,-0.20612,-0.82177,0.09728,-0.26871,0.00748,0.01259,0.17483,0.34184,0.00000,0.00000,0.03333,0.00442,0.00000,0.00306,0.02109,-0.14116,0.00000,0.39184,-0.10544,0.04252
A.G.183.V,G183V,G183,wt,kcal/mol,ref2015_cart,-469.60306,-810.59116,66.91054,417.33435,1.25578,21.85816,-41.11701,-185.55340,-40.37245,-20.92075,-27.94388,-14.22313,0.00000,1.29422,103.76327,-17.77177,0.11259,29.61361,-5.23741,51.98605
A.G.183.V,G183V,G183,mut,kcal/mol,ref2015_cart,-457.41054,-815.77245,72.93265,416.99456,1.30238,21.87313,-40.73980,-185.49286,-40.37075,-20.92075,-28.00170,-14.24048,0.00000,1.59014,104.17347,-16.86497,0.10816,30.24082,-1.90408,57.68197
A.G.183.V,G183V,G183,ddg,kcal/mol,ref2015_cart,12.19252,-5.18129,6.02211,-0.33980,0.04660,0.01497,0.37721,0.06054,0.00170,0.00000,-0.05782,-0.01735,0.00000,0.29592,0.41020,0.90680,-0.00442,0.62721,3.33333,5.69592
A.S.184.F,S184F,S184,wt,kcal/mol,ref2015_cart,-469.61599,-810.61054,66.85578,417.39014,1.25748,21.86429,-41.11803,-185.60238,-40.37449,-20.92075,-27.94626,-14.21497,0.00000,1.29048,103.76905,-17.76837,0.11293,29.61361,-5.24116,52.02721
A.S.184.F,S184F,S184,mut,kcal/mol,ref2015_cart,-469.37245,-812.35510,67.22449,416.04966,1.26429,21.90204,-41.13980,-184.33980,-40.40986,-20.92075,-27.97279,-13.34728,0.00000,1.31327,104.31667,-18.01293,0.10952,30.12653,-5.14796,51.96667
A.S.184.F,S184F,S184,ddg,kcal/mol,ref2015_cart,0.24354,-1.74456,0.36871,-1.34048,0.00680,0.03776,-0.02177,1.26259,-0.03537,0.00000,-0.02653,0.86769,0.00000,0.02279,0.54762,-0.24456,-0.00340,0.51293,0.09320,-0.06054
A.P.185.L,P185L,P185,wt,kcal/mol,ref2015_cart,-469.66122,-810.73878,66.93231,417.40782,1.25816,21.86803,-41.11395,-185.58129,-40.37449,-20.92075,-27.95748,-14.22755,0.00000,1.32075,103.70442,-17.76395,0.11190,29.61361,-5.25000,52.05068
A.P.185.L,P185L,P185,mut,kcal/mol,ref2015_cart,-468.66224,-811.85748,67.48163,416.09762,1.34932,22.02789,-41.29830,-185.04286,-40.25646,-20.92075,-27.62381,-13.87449,0.00000,1.50476,103.64252,-17.64966,0.09592,30.73741,-5.25918,52.18401
A.P.185.L,P185L,P185,ddg,kcal/mol,ref2015_cart,0.99898,-1.11871,0.54932,-1.31020,0.09116,0.15986,-0.18435,0.53844,0.11803,0.00000,0.33367,0.35306,0.00000,0.18401,-0.06190,0.11429,-0.01599,1.12381,-0.00918,0.13333
A.E.191.G,E191G,E191,wt,kcal/mol,ref2015_cart,-469.64762,-810.57755,66.88027,417.35952,1.25646,21.86190,-41.13980,-185.51565,-40.37551,-20.91735,-27.95034,-14.21429,0.00000,1.29252,103.68027,-17.76973,0.11122,29.61361,-5.23095,51.98741
A.E.191.G,E191G,E191,mut,kcal/mol,ref2015_cart,-466.06565,-806.54422,66.67415,412.73707,1.25748,21.53537,-41.07177,-182.82687,-40.36667,-20.86156,-27.28333,-13.09932,0.00000,1.30612,102.48878,-17.53333,0.11224,30.81156,-5.00204,51.60102
A.E.191.G,E191G,E191,ddg,kcal/mol,ref2015_cart,3.58197,4.03333,-0.20612,-4.62245,0.00102,-0.32653,0.06803,2.68878,0.00884,0.05578,0.66701,1.11497,0.00000,0.01361,-1.19150,0.23639,0.00102,1.19796,0.22891,-0.38639
A.M.194.V,M194V,M194,wt,kcal/mol,ref2015_cart,-469.67653,-810.70170,66.94422,417.38129,1.25816,21.86633,-41.13163,-185.55884,-40.37313,-20.92075,-27.94490,-14.22789,0.00000,1.29082,103.67959,-17.77245,0.11190,29.61361,-5.23163,52.04048
A.M.194.V,M194V,M194,mut,kcal/mol,ref2015_cart,-467.43469,-808.79252,67.41905,415.55238,1.28810,21.86497,-41.01871,-185.44150,-40.23639,-20.92075,-27.67857,-14.21939,0.00000,1.29592,103.27551,-17.72993,0.11190,29.94864,-5.06735,52.91429
A.M.194.V,M194V,M194,ddg,kcal/mol,ref2015_cart,2.24184,1.90918,0.47483,-1.82891,0.02993,-0.00136,0.11293,0.11735,0.13673,0.00000,0.26633,0.00850,0.00000,0.00510,-0.40408,0.04252,0.00000,0.33503,0.16429,0.87381
A.S.195.P,S195P,S195,wt,kcal/mol,ref2015_cart,-469.58912,-810.60782,66.96259,417.37143,1.25578,21.85578,-41.13741,-185.53639,-40.37245,-20.91769,-27.95136,-14.23639,0.00000,1.29014,103.76224,-17.77313,0.11259,29.61361,-5.23571,51.95578
A.S.195.P,S195P,S195,mut,kcal/mol,ref2015_cart,-466.87177,-811.12687,67.50442,416.34014,1.26190,21.86190,-40.99762,-184.50068,-40.36837,-20.95544,-27.62483,-14.23265,0.00000,1.60884,103.81020,-18.17551,0.11293,29.15306,-4.23231,53.68946
A.S.195.P,S195P,S195,ddg,kcal/mol,ref2015_cart,2.71735,-0.51905,0.54184,-1.03129,0.00612,0.00612,0.13980,1.03571,0.00408,-0.03776,0.32653,0.00374,0.00000,0.31871,0.04796,-0.40238,0.00034,-0.46054,1.00340,1.73367
A.G.200.W,G200W,G200,wt,kcal/mol,ref2015_cart,-470.63401,-811.19932,66.56769,417.36156,1.30204,21.85884,-41.17449,-185.71259,-40.38129,-20.92075,-28.02109,-14.22517,0.00000,1.28197,103.89184,-17.76701,0.11122,29.61361,-5.22483,52.00340
A.G.200.W,G200W,G200,mut,kcal/mol,ref2015_cart,-472.26973,-816.93503,67.45918,418.52211,1.32517,22.07381,-41.59388,-186.03810,-40.34558,-20.92075,-28.01224,-14.22211,0.00000,1.29116,105.48707,-17.93605,0.11122,30.11088,-5.35238,52.70544
A.G.200.W,G200W,G200,ddg,kcal/mol,ref2015_cart,-1.63571,-5.73571,0.89150,1.16054,0.02313,0.21497,-0.41939,-0.32551,0.03571,0.00000,0.00884,0.00306,0.00000,0.00918,1.59524,-0.16905,0.00000,0.49728,-0.12755,0.70204
A.G.208.S,G208S,G208,wt,kcal/mol,ref2015_cart,-469.94048,-810.09388,66.36190,417.52483,1.27857,21.83844,-41.25782,-185.59558,-40.36905,-20.92075,-27.92857,-14.21667,0.00000,1.29796,103.38741,-17.77347,0.11190,29.61361,-5.23435,52.03503
A.G.208.S,G208S,G208,mut,kcal/mol,ref2015_cart,-466.33639,-812.10578,68.51088,419.54558,1.29320,21.88129,-41.48571,-185.72721,-40.30306,-20.92075,-27.94354,-14.22075,0.00000,1.30612,103.93639,-17.79320,0.11190,29.24354,-5.42517,53.75986
A.G.208.S,G208S,G208,ddg,kcal/mol,ref2015_cart,3.60408,-2.01190,2.14898,2.02075,0.01463,0.04286,-0.22789,-0.13163,0.06599,0.00000,-0.01497,-0.00408,0.00000,0.00816,0.54898,-0.01973,0.00000,-0.37007,-0.19082,1.72483
A.V.211.F,V211F,V211,wt,kcal/mol,ref2015_cart,-469.98639,-810.15068,66.37891,417.51395,1.28061,21.83469,-41.23061,-185.61224,-40.36735,-20.92075,-27.93946,-14.21463,0.00000,1.29252,103.34150,-17.77279,0.11224,29.61361,-5.23299,52.08639
A.V.211.F,V211F,V211,mut,kcal/mol,ref2015_cart,-464.38673,-813.49082,68.52755,418.16973,1.67755,22.01463,-41.15884,-185.46190,-40.29490,-20.92075,-27.86803,-14.21667,0.00000,1.33095,105.33741,-17.77415,0.11361,29.12891,-5.09422,55.59320
A.V.211.F,V211F,V211,ddg,kcal/mol,ref2015_cart,5.59966,-3.34014,2.14864,0.65578,0.39694,0.17993,0.07177,0.15034,0.07245,0.00000,0.07143,-0.00204,0.00000,0.03844,1.99592,-0.00136,0.00136,-0.48469,0.13878,3.50680
A.V.211.I,V211I,V211,wt,kcal/mol,ref2015_cart,-469.98639,-810.15068,66.37891,417.51395,1.28061,21.83469,-41.23061,-185.61224,-40.36735,-20.92075,-27.93946,-14.21463,0.00000,1.29252,103.34150,-17.77279,0.11224,29.61361,-5.23299,52.08639
A.V.211.I,V211I,V211,mut,kcal/mol,ref2015_cart,-470.57993,-811.62789,66.78299,417.76429,1.31293,21.84830,-41.28741,-185.51701,-40.39184,-20.92075,-27.94014,-14.21667,0.00000,1.28197,103.19456,-17.82347,0.11190,29.49830,-5.19286,52.54286
A.V.211.I,V211I,V211,ddg,kcal/mol,ref2015_cart,-0.59354,-1.47721,0.40408,0.25034,0.03231,0.01361,-0.05680,0.09524,-0.02449,0.00000,-0.00068,-0.00204,0.00000,-0.01054,-0.14694,-0.05068,-0.00034,-0.11531,0.04014,0.45646
A.Q.213.H,Q213H,Q213,wt,kcal/mol,ref2015_cart,-469.61190,-810.65238,66.81020,417.43129,1.26190,21.85986,-41.11224,-185.60170,-40.37449,-20.91837,-27.95034,-14.21565,0.00000,1.28980,103.81769,-17.77245,0.11224,29.61361,-5.22959,52.01871
A.Q.213.H,Q213H,Q213,mut,kcal/mol,ref2015_cart,-468.15748,-810.21054,66.63503,416.79116,1.26122,21.98231,-41.17551,-185.34116,-40.30544,-20.90850,-27.95102,-13.24592,0.00000,1.27823,103.75986,-17.66122,0.10340,30.00476,-5.13129,51.95748
A.Q.213.H,Q213H,Q213,ddg,kcal/mol,ref2015_cart,1.45442,0.44184,-0.17517,-0.64014,-0.00068,0.12245,-0.06327,0.26054,0.06905,0.00986,-0.00068,0.96973,0.00000,-0.01156,-0.05782,0.11122,-0.00884,0.39116,0.09830,-0.06122
A.Q.213.R,Q213R,Q213,wt,kcal/mol,ref2015_cart,-469.61190,-810.65238,66.81020,417.43129,1.26190,21.85986,-41.11224,-185.60170,-40.37449,-20.91837,-27.95034,-14.21565,0.00000,1.28980,103.81769,-17.77245,0.11224,29.61361,-5.22959,52.01871
A.Q.213.R,Q213R,Q213,mut,kcal/mol,ref2015_cart,-468.23095,-811.71837,66.87585,418.19422,1.26361,21.92789,-41.43946,-184.90272,-40.36565,-20.91837,-27.95102,-13.25510,0.00000,1.29048,103.70782,-17.76224,0.09932,30.07483,-5.27347,51.92177
A.Q.213.R,Q213R,Q213,ddg,kcal/mol,ref2015_cart,1.38095,-1.06599,0.06565,0.76293,0.00170,0.06803,-0.32721,0.69898,0.00884,0.00000,-0.00068,0.96054,0.00000,0.00068,-0.10986,0.01020,-0.01293,0.46122,-0.04388,-0.09694
A.L.215.P,L215P,L215,wt,kcal/mol,ref2015_cart,-469.62143,-810.61327,66.84592,417.32245,1.26190,21.85408,-41.20612,-185.53878,-40.35680,-20.93163,-27.93946,-14.22109,0.00000,1.29524,103.80408,-17.77075,0.11259,29.61361,-5.23027,52.07755
A.L.215.P,L215P,L215,mut,kcal/mol,ref2015_cart,-460.50408,-809.49490,68.45578,418.04524,1.25374,21.84422,-41.09252,-185.21667,-39.97925,-20.69252,-27.86905,-14.21667,0.00000,1.40306,103.77959,-17.64014,0.11224,28.48946,-1.44966,53.76429
A.L.215.P,L215P,L215,ddg,kcal/mol,ref2015_cart,9.11735,1.11837,1.60986,0.72279,-0.00816,-0.00986,0.11361,0.32211,0.37755,0.23912,0.07041,0.00442,0.00000,0.10782,-0.02449,0.13061,-0.00034,-1.12415,3.78061,1.68673
A.A.219.V,A219V,A219,wt,kcal/mol,ref2015_cart,-469.62721,-810.70306,66.86565,417.42109,1.25884,21.86224,-41.11429,-185.62041,-40.37313,-20.91803,-27.95782,-14.20714,0.00000,1.28707,103.80408,-17.78367,0.11156,29.61361,-5.23639,52.06293
A.A.219.V,A219V,A219,mut,kcal/mol,ref2015_cart,-468.95884,-812.96939,68.12993,417.36803,1.26667,21.86361,-41.07381,-185.79966,-40.37313,-20.92415,-27.97415,-14.10306,0.00000,1.31429,104.05612,-17.87517,0.10170,30.06190,-4.90136,52.87245
A.A.219.V,A219V,A219,ddg,kcal/mol,ref2015_cart,0.66837,-2.26633,1.26429,-0.05306,0.00782,0.00136,0.04048,-0.17925,0.00000,-0.00612,-0.01633,0.10408,0.00000,0.02721,0.25204,-0.09150,-0.00986,0.44830,0.33503,0.80952
A.Q.222.L,Q222L,Q222,wt,kcal/mol,ref2015_cart,-469.60034,-810.68810,66.88503,417.39694,1.25816,21.86565,-41.11020,-185.57177,-40.37313,-20.92075,-27.95850,-14.23163,0.00000,1.28469,103.80748,-17.77211,0.11156,29.61361,-5.23401,52.03639
A.Q.222.L,Q222L,Q222,mut,kcal/mol,ref2015_cart,-470.46054,-810.71224,66.94252,416.12653,1.26701,21.79864,-40.86701,-185.51054,-40.37313,-20.92075,-27.95782,-14.23129,0.00000,1.28741,102.94048,-17.87755,0.11293,30.67211,-5.20340,52.04592
A.Q.222.L,Q222L,Q222,ddg,kcal/mol,ref2015_cart,-0.86020,-0.02415,0.05748,-1.27041,0.00884,-0.06701,0.24320,0.06122,0.00000,0.00000,0.00068,0.00034,0.00000,0.00272,-0.86701,-0.10544,0.00136,1.05850,0.03061,0.00952
A.L.229.M,L229M,L229,wt,kcal/mol,ref2015_cart,-469.68299,-810.70102,66.93741,417.41361,1.25816,21.86293,-41.12245,-185.59796,-40.37347,-20.92075,-27.95476,-14.22483,0.00000,1.29490,103.67857,-17.76871,0.11259,29.61361,-5.21190,52.02177
A.L.229.M,L229M,L229,mut,kcal/mol,ref2015_cart,-468.78673,-811.27585,66.94796,418.33844,1.25442,21.93980,-41.18027,-185.63367,-40.38980,-20.92075,-27.96327,-14.25408,0.00000,1.41463,103.96939,-17.68061,0.11429,29.61190,-5.17551,52.09626
A.L.229.M,L229M,L229,ddg,kcal/mol,ref2015_cart,0.89626,-0.57483,0.01054,0.92483,-0.00374,0.07687,-0.05782,-0.03571,-0.01633,0.00000,-0.00850,-0.02925,0.00000,0.11973,0.29082,0.08810,0.00170,-0.00170,0.03639,0.07449
A.R.230.C,R230C,R230,wt,kcal/mol,ref2015_cart,-469.67823,-810.65068,66.91054,417.34728,1.25850,21.86735,-41.13027,-185.55612,-40.37891,-20.92075,-27.95000,-14.23980,0.00000,1.30238,103.68912,-17.77109,0.11156,29.61361,-5.20442,52.02415
A.R.230.C,R230C,R230,mut,kcal/mol,ref2015_cart,-467.42925,-808.92653,66.90272,414.25204,1.25238,21.57279,-41.15578,-183.75850,-40.36429,-20.92075,-27.95000,-13.08673,0.00000,1.26871,103.37551,-17.66871,0.11224,30.75272,-4.98401,51.89660
A.R.230.C,R230C,R230,ddg,kcal/mol,ref2015_cart,2.24898,1.72415,-0.00782,-3.09524,-0.00612,-0.29456,-0.02551,1.79762,0.01463,0.00000,0.00000,1.15306,0.00000,-0.03367,-0.31361,0.10238,0.00068,1.13912,0.22041,-0.12755
A.L.231.V,L231V,L231,wt,kcal/mol,ref2015_cart,-469.66667,-810.63537,66.91395,417.38333,1.25714,21.86122,-41.12925,-185.55714,-40.37585,-20.92075,-27.95748,-14.24048,0.00000,1.28946,103.70170,-17.77143,0.11224,29.61361,-5.20340,51.99150
A.L.231.V,L231V,L231,mut,kcal/mol,ref2015_cart,-469.35510,-810.12959,66.94388,416.62721,1.25714,21.85238,-40.96224,-185.53469,-40.39116,-20.92075,-27.95952,-14.26156,0.00000,1.24762,103.69796,-17.75680,0.11293,29.94728,-5.13912,52.01395
A.L.231.V,L231V,L231,ddg,kcal/mol,ref2015_cart,0.31156,0.50578,0.02993,-0.75612,0.00000,-0.00884,0.16701,0.02245,-0.01531,0.00000,-0.00204,-0.02109,0.00000,-0.04184,-0.00374,0.01463,0.00068,0.33367,0.06429,0.02245
A.F.232.L,F232L,F232,wt,kcal/mol,ref2015_cart,-469.68810,-810.71463,66.93299,417.38027,1.25850,21.86837,-41.12347,-185.56156,-40.37109,-20.92075,-27.95782,-14.23231,0.00000,1.28776,103.71156,-17.77279,0.11190,29.61361,-5.23639,52.03776
A.F.232.L,F232L,F232,mut,kcal/mol,ref2015_cart,-469.23401,-809.85884,66.51837,417.07721,1.25476,21.83095,-41.19218,-185.39116,-40.39150,-20.92075,-27.96361,-14.23231,0.00000,1.27721,103.75272,-17.67891,0.11224,29.76429,-5.20646,52.01395
A.F.232.L,F232L,F232,ddg,kcal/mol,ref2015_cart,0.45408,0.85578,-0.41463,-0.30306,-0.00374,-0.03741,-0.06871,0.17041,-0.02041,0.00000,-0.00578,0.00000,0.00000,-0.01054,0.04116,0.09388,0.00034,0.15068,0.02993,-0.02381
A.E.234.K,E234K,E234,wt,kcal/mol,ref2015_cart,-469.66497,-810.62823,66.91633,417.38299,1.25714,21.86463,-41.12925,-185.54966,-40.37075,-20.92075,-27.95714,-14.24592,0.00000,1.29014,103.70204,-17.77109,0.11224,29.61361,-5.23163,52.00034
A.E.234.K,E234K,E234,mut,kcal/mol,ref2015_cart,-469.03639,-809.70408,66.68878,415.52449,1.26054,21.86701,-41.08741,-184.33605,-40.34966,-20.92075,-27.98639,-13.80884,0.00000,1.26497,103.17211,-17.69660,0.11259,30.29728,-5.12789,51.79388
A.E.234.K,E234K,E234,ddg,kcal/mol,ref2015_cart,0.62857,0.92415,-0.22755,-1.85850,0.00340,0.00238,0.04184,1.21361,0.02109,0.00000,-0.02925,0.43707,0.00000,-0.02517,-0.52993,0.07449,0.00034,0.68367,0.10374,-0.20646
A.T.238.K,T238K,T238,wt,kcal/mol,ref2015_cart,-469.59694,-810.64558,66.92211,417.35340,1.25714,21.85748,-41.13197,-185.51224,-40.36769,-20.92075,-27.95816,-14.22449,0.00000,1.30102,103.78163,-17.77177,0.11190,29.61361,-5.24354,51.98163
A.T.238.K,T238K,T238,mut,kcal/mol,ref2015_cart,-469.54286,-810.75748,66.89082,417.54150,1.25680,21.94592,-41.11054,-185.39014,-40.36361,-20.92075,-27.95816,-14.22517,0.00000,1.27313,104.12925,-17.67551,0.11156,28.97857,-5.21565,51.94592
A.T.238.K,T238K,T238,ddg,kcal/mol,ref2015_cart,0.05408,-0.11190,-0.03129,0.18810,-0.00034,0.08844,0.02143,0.12211,0.00408,0.00000,0.00000,-0.00068,0.00000,-0.02789,0.34762,0.09626,-0.00034,-0.63503,0.02789,-0.03571
A.T.242.I,T242I,T242,wt,kcal/mol,ref2015_cart,-469.60986,-810.73231,66.91803,417.40306,1.25952,21.85646,-41.14796,-185.56190,-40.38231,-20.93673,-27.98061,-14.14422,0.00000,1.29762,103.80850,-17.76973,0.10170,29.61361,-5.23605,52.02381
A.T.242.I,T242I,T242,mut,kcal/mol,ref2015_cart,-469.88980,-811.25714,67.02959,416.80612,1.28027,21.85272,-41.13707,-185.16190,-40.38333,-20.97585,-28.00000,-14.14490,0.00000,1.30748,103.79728,-17.72347,0.10170,30.00544,-5.54116,52.25442
A.T.242.I,T242I,T242,ddg,kcal/mol,ref2015_cart,-0.27993,-0.52483,0.11156,-0.59694,0.02075,-0.00374,0.01088,0.40000,-0.00102,-0.03912,-0.01939,-0.00068,0.00000,0.00986,-0.01122,0.04626,0.00000,0.39184,-0.30510,0.23061
A.P.244.L,P244L,P244,wt,kcal/mol,ref2015_cart,-469.57619,-810.70544,66.89320,417.41293,1.26088,21.85374,-41.12721,-185.56122,-40.36497,-20.92075,-27.95476,-14.23095,0.00000,1.30408,103.81905,-17.77483,0.11224,29.61361,-5.22789,52.02279
A.P.244.L,P244L,P244,mut,kcal/mol,ref2015_cart,-468.32041,-810.90544,66.82279,417.46429,1.26429,21.84456,-41.25612,-185.32517,-40.34456,-20.92075,-27.93605,-14.24048,0.00000,1.32177,103.95306,-17.43265,0.11259,30.73741,-5.16395,51.68367
A.P.244.L,P244L,P244,ddg,kcal/mol,ref2015_cart,1.25578,-0.20000,-0.07041,0.05136,0.00340,-0.00918,-0.12891,0.23605,0.02041,0.00000,0.01871,-0.00952,0.00000,0.01769,0.13401,0.34218,0.00034,1.12381,0.06395,-0.33912
A.R.245.L,R245L,R245,wt,kcal/mol,ref2015_cart,-469.57245,-810.65306,66.88299,417.41259,1.26054,21.85442,-41.11088,-185.57313,-40.37109,-20.92075,-27.95612,-14.22891,0.00000,1.29116,103.79354,-17.77279,0.11293,29.61361,-5.23197,52.02551
A.R.245.L,R245L,R245,mut,kcal/mol,ref2015_cart,-469.47653,-809.95476,66.81088,415.79218,1.26361,21.48571,-40.93197,-184.22619,-40.36565,-20.92075,-27.95000,-13.90952,0.00000,1.30646,102.86122,-17.80476,0.11293,30.21088,-5.20510,51.94864
A.R.245.L,R245L,R245,ddg,kcal/mol,ref2015_cart,0.09592,0.69830,-0.07211,-1.62041,0.00306,-0.36871,0.17891,1.34694,0.00544,0.00000,0.00612,0.31939,0.00000,0.01531,-0.93231,-0.03197,0.00000,0.59728,0.02687,-0.07687
A.E.246.D,E246D,E246,wt,kcal/mol,ref2015_cart,-469.55612,-810.60102,66.87619,417.38435,1.25986,21.85510,-41.12517,-185.54490,-40.37211,-20.92075,-27.95442,-14.23197,0.00000,1.29082,103.81497,-17.77585,0.11293,29.61361,-5.23163,51.99354
A.E.246.D,E246D,E246,mut,kcal/mol,ref2015_cart,-469.07177,-809.49558,66.77109,415.94456,1.25680,21.55884,-40.90816,-184.17381,-40.36565,-20.92075,-27.95408,-13.91156,0.00000,1.29490,102.94456,-17.74626,0.11259,29.81020,-5.16293,51.87381
A.E.246.D,E246D,E246,ddg,kcal/mol,ref2015_cart,0.48435,1.10544,-0.10510,-1.43980,-0.00306,-0.29626,0.21701,1.37109,0.00646,0.00000,0.00034,0.32041,0.00000,0.00408,-0.87041,0.02959,-0.00034,0.19660,0.06871,-0.11973
A.S.248.L,S248L,S248,wt,kcal/mol,ref2015_cart,-469.59286,-810.49864,66.85204,417.27585,1.25918,21.85068,-41.19728,-185.48810,-40.36633,-20.92075,-27.93503,-14.22313,0.00000,1.29898,103.78946,-17.78061,0.11293,29.61361,-5.23095,51.99558
A.S.248.L,S248L,S248,mut,kcal/mol,ref2015_cart,-468.62279,-810.91429,66.86769,416.49490,1.26497,21.84626,-41.25442,-184.64524,-40.42245,-20.92075,-27.53265,-13.90102,0.00000,1.34932,103.75714,-17.77313,0.11259,30.27721,-5.21224,51.98401
A.S.248.L,S248L,S248,ddg,kcal/mol,ref2015_cart,0.97007,-0.41565,0.01565,-0.78095,0.00578,-0.00442,-0.05714,0.84286,-0.05612,0.00000,0.40238,0.32211,0.00000,0.05034,-0.03231,0.00748,-0.00034,0.66361,0.01871,-0.01156
A.P.250.L,P250L,P250,wt,kcal/mol,ref2015_cart,-469.55680,-810.51463,66.87483,417.26565,1.26224,21.85204,-41.21190,-185.49694,-40.36497,-20.92075,-27.93197,-14.22313,0.00000,1.28401,103.83810,-17.78333,0.11259,29.61361,-5.23776,52.02585
A.P.250.L,P250L,P250,mut,kcal/mol,ref2015_cart,-471.44116,-811.40340,66.63776,417.47721,1.27415,21.87007,-41.26973,-185.44218,-40.41735,-20.92075,-28.02245,-14.26939,0.00000,1.23027,103.95408,-18.09762,0.11259,30.73741,-6.00238,51.11020
A.P.250.L,P250L,P250,ddg,kcal/mol,ref2015_cart,-1.88435,-0.88878,-0.23707,0.21156,0.01190,0.01803,-0.05782,0.05476,-0.05238,0.00000,-0.09048,-0.04626,0.00000,-0.05374,0.11599,-0.31429,0.00000,1.12381,-0.76463,-0.91565
A.P.250.S,P250S,P250,wt,kcal/mol,ref2015_cart,-469.55680,-810.51463,66.87483,417.26565,1.26224,21.85204,-41.21190,-185.49694,-40.36497,-20.92075,-27.93197,-14.22313,0.00000,1.28401,103.83810,-17.78333,0.11259,29.61361,-5.23776,52.02585
A.P.250.S,P250S,P250,mut,kcal/mol,ref2015_cart,-469.88605,-809.54014,66.45782,417.93503,1.26224,21.84660,-41.38061,-185.34048,-40.42653,-20.92075,-28.02585,-14.22449,0.00000,1.24218,103.96429,-17.89864,0.11259,30.07381,-5.92993,50.90578
A.P.250.S,P250S,P250,ddg,kcal/mol,ref2015_cart,-0.32925,0.97449,-0.41701,0.66939,0.00000,-0.00544,-0.16871,0.15646,-0.06156,0.00000,-0.09388,-0.00136,0.00000,-0.04184,0.12619,-0.11531,0.00000,0.46020,-0.69218,-1.12007
A.R.252.L,R252L,R252,wt,kcal/mol,ref2015_cart,-469.62347,-810.53401,66.82755,417.30544,1.26395,21.86122,-41.20952,-185.50680,-40.37517,-20.92075,-27.94048,-14.22449,0.00000,1.29014,103.77041,-17.77075,0.11224,29.61361,-5.23061,52.04456
A.R.252.L,R252L,R252,mut,kcal/mol,ref2015_cart,-469.66599,-809.02993,67.05850,414.05612,1.26224,21.68163,-40.71735,-184.63299,-40.41122,-20.92075,-27.71463,-14.22789,0.00000,1.33163,103.01259,-17.77483,0.11224,30.21088,-5.05986,52.09762
A.R.252.L,R252L,R252,ddg,kcal/mol,ref2015_cart,-0.04252,1.50408,0.23095,-3.24932,-0.00170,-0.17959,0.49218,0.87381,-0.03605,0.00000,0.22585,-0.00340,0.00000,0.04150,-0.75782,-0.00408,0.00000,0.59728,0.17075,0.05306
A.R.252.Q,R252Q,R252,wt,kcal/mol,ref2015_cart,-469.62347,-810.53401,66.82755,417.30544,1.26395,21.86122,-41.20952,-185.50680,-40.37517,-20.92075,-27.94048,-14.22449,0.00000,1.29014,103.77041,-17.77075,0.11224,29.61361,-5.23061,52.04456
A.R.252.Q,R252Q,R252,mut,kcal/mol,ref2015_cart,-469.59592,-809.26088,66.80068,416.27245,1.26020,21.72959,-40.88265,-185.34422,-40.37517,-20.92075,-28.12075,-14.23163,0.00000,1.28639,103.86939,-17.78469,0.11259,29.15204,-5.18912,52.03061
A.R.252.Q,R252Q,R252,ddg,kcal/mol,ref2015_cart,0.02755,1.27313,-0.02687,-1.03299,-0.00374,-0.13163,0.32687,0.16259,0.00000,0.00000,-0.18027,-0.00714,0.00000,-0.00374,0.09898,-0.01395,0.00034,-0.46156,0.04150,-0.01395
A.R.252.W,R252W,R252,wt,kcal/mol,ref2015_cart,-469.62347,-810.53401,66.82755,417.30544,1.26395,21.86122,-41.20952,-185.50680,-40.37517,-20.92075,-27.94048,-14.22449,0.00000,1.29014,103.77041,-17.77075,0.11224,29.61361,-5.23061,52.04456
A.R.252.W,R252W,R252,mut,kcal/mol,ref2015_cart,-469.74524,-810.56293,66.68980,414.94150,1.26599,21.85000,-40.87211,-184.68367,-40.44218,-20.92075,-27.72007,-14.22857,0.00000,1.32517,103.94864,-17.82823,0.11259,30.41463,-5.01054,51.97551
A.R.252.W,R252W,R252,ddg,kcal/mol,ref2015_cart,-0.12177,-0.02891,-0.13776,-2.36395,0.00204,-0.01122,0.33741,0.82313,-0.06701,0.00000,0.22041,-0.00408,0.00000,0.03503,0.17823,-0.05748,0.00034,0.80102,0.22007,-0.06905
A.R.261.C,R261C,R261,wt,kcal/mol,ref2015_cart,-469.68299,-810.66837,66.89796,417.32789,1.26259,21.87075,-41.12381,-185.53299,-40.37347,-20.92075,-27.94184,-14.22211,0.00000,1.29286,103.70238,-17.77347,0.11224,29.61361,-5.23741,52.03095
A.R.261.C,R261C,R261,mut,kcal/mol,ref2015_cart,-467.73435,-807.68129,66.53469,413.76054,1.25544,21.64184,-40.95646,-184.12823,-40.38367,-20.92075,-27.29116,-14.22857,0.00000,1.29116,103.25714,-17.62857,0.11156,30.75272,-4.92483,51.80476
A.R.261.C,R261C,R261,ddg,kcal/mol,ref2015_cart,1.94864,2.98707,-0.36327,-3.56735,-0.00714,-0.22891,0.16735,1.40476,-0.01020,0.00000,0.65068,-0.00646,0.00000,-0.00170,-0.44524,0.14490,-0.00068,1.13912,0.31259,-0.22619
A.R.261.H,R261H,R261,wt,kcal/mol,ref2015_cart,-469.68299,-810.66837,66.89796,417.32789,1.26259,21.87075,-41.12381,-185.53299,-40.37347,-20.92075,-27.94184,-14.22211,0.00000,1.29286,103.70238,-17.77347,0.11224,29.61361,-5.23741,52.03095
A.R.261.H,R261H,R261,mut,kcal/mol,ref2015_cart,-468.55850,-809.75544,66.75306,416.02075,1.28265,21.87891,-41.07925,-184.48707,-40.38469,-20.92075,-27.69728,-14.22245,0.00000,1.29218,104.07959,-17.79626,0.11190,29.54354,-5.05816,51.87993
A.R.261.H,R261H,R261,ddg,kcal/mol,ref2015_cart,1.12449,0.91293,-0.14490,-1.30714,0.02007,0.00816,0.04456,1.04592,-0.01122,0.00000,0.24456,-0.00034,0.00000,-0.00068,0.37721,-0.02279,-0.00034,-0.07007,0.17925,-0.15102
A.R.266.C,R266C,R266,wt,kcal/mol,ref2015_cart,-470.71088,-811.22585,66.54932,417.36156,1.30850,21.87075,-41.19116,-185.68503,-40.37245,-20.91973,-28.01871,-14.22109,0.00000,1.29592,103.77993,-17.76973,0.11259,29.61361,-5.22993,52.03061
A.R.266.C,R266C,R266,mut,kcal/mol,ref2015_cart,-468.23571,-806.23129,66.31973,410.86327,1.30000,21.64388,-40.66905,-183.49048,-40.39796,-20.91973,-27.30578,-13.42789,0.00000,1.35034,102.97823,-17.67891,0.11224,30.75272,-5.20850,51.77381
A.R.266.C,R266C,R266,ddg,kcal/mol,ref2015_cart,2.47517,4.99456,-0.22959,-6.49830,-0.00850,-0.22687,0.52211,2.19456,-0.02551,0.00000,0.71293,0.79320,0.00000,0.05442,-0.80170,0.09082,-0.00034,1.13912,0.02143,-0.25680
A.M.267.T,M267T,M267,wt,kcal/mol,ref2015_cart,-470.68095,-811.07109,66.50952,417.28912,1.30714,21.86395,-41.24864,-185.64490,-40.38265,-20.92109,-27.99626,-14.21803,0.00000,1.29422,103.85952,-17.75102,0.11190,29.61361,-5.22823,51.93265
A.M.267.T,M267T,M267,mut,kcal/mol,ref2015_cart,-468.51429,-807.89592,66.02415,418.25850,1.29592,21.86667,-41.27755,-186.23741,-40.38129,-20.91803,-28.00306,-14.49184,0.00000,1.32177,103.49116,-17.87109,0.11122,29.44150,-5.15000,51.90102
A.M.267.T,M267T,M267,ddg,kcal/mol,ref2015_cart,2.16667,3.17517,-0.48537,0.96939,-0.01122,0.00272,-0.02891,-0.59252,0.00136,0.00306,-0.00680,-0.27381,0.00000,0.02755,-0.36837,-0.12007,-0.00068,-0.17211,0.07823,-0.03163
A.F.273.V,F273V,F273,wt,kcal/mol,ref2015_cart,-470.72517,-811.21190,66.65986,417.29252,1.29626,21.85578,-41.29660,-185.58231,-40.36190,-20.92075,-27.99422,-14.22313,0.00000,1.28163,103.82585,-17.75510,0.11224,29.61361,-5.23197,51.91497
A.F.273.V,F273V,F273,mut,kcal/mol,ref2015_cart,-468.19558,-806.90850,66.53299,415.86293,1.27347,21.83878,-41.33673,-184.84524,-40.41837,-20.92075,-27.58435,-14.23333,0.00000,1.27347,102.01463,-17.88980,0.11224,30.09796,-5.20952,52.14490
A.F.273.V,F273V,F273,ddg,kcal/mol,ref2015_cart,2.52959,4.30340,-0.12687,-1.42959,-0.02279,-0.01701,-0.04014,0.73707,-0.05646,0.00000,0.40986,-0.01020,0.00000,-0.00816,-1.81122,-0.13469,0.00000,0.48435,0.02245,0.22993
A.H.274.N,H274N,H274,wt,kcal/mol,ref2015_cart,-470.56633,-811.06156,66.62143,417.25068,1.30000,21.85476,-41.25986,-185.57245,-40.37517,-20.92075,-27.99626,-14.23367,0.00000,1.29354,103.84966,-17.74524,0.11224,29.61361,-5.24898,51.95136
A.H.274.N,H274N,H274,mut,kcal/mol,ref2015_cart,-470.41531,-810.58878,66.60646,417.34082,1.30034,21.79660,-41.22687,-185.62381,-40.38571,-20.92075,-27.99796,-14.23401,0.00000,1.30000,104.00340,-17.80544,0.11224,29.25986,-5.30136,51.94966
A.H.274.N,H274N,H274,ddg,kcal/mol,ref2015_cart,0.15102,0.47279,-0.01497,0.09014,0.00034,-0.05816,0.03299,-0.05136,-0.01054,0.00000,-0.00170,-0.00034,0.00000,0.00646,0.15374,-0.06020,0.00000,-0.35374,-0.05238,-0.00170
A.H.275.Y,H275Y,H275,wt,kcal/mol,ref2015_cart,-470.64796,-811.12789,66.57143,417.29286,1.30952,21.85816,-41.27143,-185.60748,-40.37177,-20.92075,-28.00238,-14.22891,0.00000,1.29184,103.85884,-17.76599,0.11293,29.61361,-5.23401,51.97347
A.H.275.Y,H275Y,H275,mut,kcal/mol,ref2015_cart,-469.67721,-812.47687,67.47415,415.82211,1.31871,21.78639,-41.14184,-185.09490,-40.35782,-20.92075,-27.23707,-14.22347,0.00000,1.37585,104.15408,-17.73265,0.11293,29.91361,-5.14694,52.69694
A.H.275.Y,H275Y,H275,ddg,kcal/mol,ref2015_cart,0.97075,-1.34898,0.90272,-1.47075,0.00918,-0.07177,0.12959,0.51259,0.01395,0.00000,0.76531,0.00544,0.00000,0.08401,0.29524,0.03333,0.00000,0.30000,0.08707,0.72347
A.D.279.N,D279N,D279,wt,kcal/mol,ref2015_cart,-469.54286,-810.64320,66.93844,417.37653,1.25884,21.86020,-41.22891,-185.52211,-40.37211,-20.92075,-27.96020,-14.22687,0.00000,1.29354,103.91939,-17.77109,0.11224,29.61361,-5.23299,51.96259
A.D.279.N,D279N,D279,mut,kcal/mol,ref2015_cart,-470.16429,-810.91156,66.99388,417.01735,1.25986,21.84966,-41.30884,-185.58605,-40.36565,-20.92075,-27.96259,-14.22585,0.00000,1.30170,103.72381,-17.77075,0.11224,29.88741,-5.23878,51.98061
A.D.279.N,D279N,D279,ddg,kcal/mol,ref2015_cart,-0.62143,-0.26837,0.05544,-0.35918,0.00102,-0.01054,-0.07993,-0.06395,0.00646,0.00000,-0.00238,0.00102,0.00000,0.00816,-0.19558,0.00034,0.00000,0.27381,-0.00578,0.01803
A.E.839.D,E839D,E839,wt,kcal/mol,ref2015_cart,-339.20068,-590.47279,43.84150,336.79932,1.02211,15.71088,-30.17551,-154.19728,-64.06395,-0.84898,-4.53639,-11.82925,0.00000,1.08980,73.75272,-8.75714,0.00510,30.65000,-5.45748,28.26701
A.E.839.D,E839D,E839,mut,kcal/mol,ref2015_cart,-338.54966,-590.50816,44.02823,337.12449,1.01973,15.67585,-30.37925,-154.77041,-64.03946,-0.84898,-4.52925,-11.29830,0.00000,1.07109,73.74320,-8.59694,0.00510,30.84694,-5.33061,28.23707
A.E.839.D,E839D,E839,ddg,kcal/mol,ref2015_cart,0.65102,-0.03537,0.18673,0.32517,-0.00238,-0.03503,-0.20374,-0.57313,0.02449,0.00000,0.00714,0.53095,0.00000,-0.01871,-0.00952,0.16020,0.00000,0.19694,0.12687,-0.02993
A.E.839.Q,E839Q,E839,wt,kcal/mol,ref2015_cart,-339.20068,-590.47279,43.84150,336.79932,1.02211,15.71088,-30.17551,-154.19728,-64.06395,-0.84898,-4.53639,-11.82925,0.00000,1.08980,73.75272,-8.75714,0.00510,30.65000,-5.45748,28.26701
A.E.839.Q,E839Q,E839,mut,kcal/mol,ref2015_cart,-338.73367,-590.64388,43.84728,336.48401,1.02313,15.68810,-30.22823,-153.55952,-64.06531,-0.84898,-4.53741,-11.89490,0.00000,1.08912,73.62585,-8.72075,0.00510,31.08299,-5.37449,28.29388
A.E.839.Q,E839Q,E839,ddg,kcal/mol,ref2015_cart,0.46701,-0.17109,0.00578,-0.31531,0.00102,-0.02279,-0.05272,0.63776,-0.00136,0.00000,-0.00102,-0.06565,0.00000,-0.00068,-0.12687,0.03639,0.00000,0.43299,0.08299,0.02687
A.R.845.C,R845C,R845,wt,kcal/mol,ref2015_cart,-339.23095,-590.61463,43.87415,336.76599,1.02755,15.72789,-30.16429,-154.14320,-64.06327,-0.84898,-4.53878,-11.84184,0.00000,1.09864,73.76769,-8.76156,0.00510,30.65000,-5.46020,28.28946
A.R.845.C,R845C,R845,mut,kcal/mol,ref2015_cart,-338.77925,-590.07619,43.88503,335.89286,1.02517,15.61565,-29.96701,-154.39626,-64.07789,-0.84898,-4.53912,-11.84354,0.00000,1.07177,73.28231,-8.62313,0.00510,31.78912,-5.24762,28.27347
A.R.845.C,R845C,R845,ddg,kcal/mol,ref2015_cart,0.45170,0.53844,0.01088,-0.87313,-0.00238,-0.11224,0.19728,-0.25306,-0.01463,0.00000,-0.00034,-0.00170,0.00000,-0.02687,-0.48537,0.13844,0.00000,1.13912,0.21259,-0.01599
A.R.845.H,R845H,R845,wt,kcal/mol,ref2015_cart,-339.23095,-590.61463,43.87415,336.76599,1.02755,15.72789,-30.16429,-154.14320,-64.06327,-0.84898,-4.53878,-11.84184,0.00000,1.09864,73.76769,-8.76156,0.00510,30.65000,-5.46020,28.28946
A.R.845.H,R845H,R845,mut,kcal/mol,ref2015_cart,-338.83980,-590.76463,43.85578,336.73878,1.02687,15.74218,-30.17619,-153.93401,-64.06973,-0.84898,-4.53844,-11.84252,0.00000,1.09048,74.03401,-8.66429,0.00510,30.57993,-5.39286,28.31905
A.R.845.H,R845H,R845,ddg,kcal/mol,ref2015_cart,0.39116,-0.15000,-0.01837,-0.02721,-0.00068,0.01429,-0.01190,0.20918,-0.00646,0.00000,0.00034,-0.00068,0.00000,-0.00816,0.26633,0.09728,0.00000,-0.07007,0.06735,0.02959
A.G.846.D,G846D,G846,wt,kcal/mol,ref2015_cart,-339.22313,-590.56361,43.84354,336.83571,1.02721,15.71769,-30.17823,-154.18265,-64.07041,-0.84898,-4.54048,-11.83673,0.00000,1.08810,73.76939,-8.76259,0.00510,30.65000,-5.45510,28.27891
A.G.846.D,G846D,G846,mut,kcal/mol,ref2015_cart,-339.59864,-591.55340,43.79524,338.09932,1.02857,15.82653,-30.30816,-154.06599,-64.01361,-0.84898,-4.53844,-11.83741,0.00000,1.11565,74.29082,-8.82687,0.00510,29.64864,-5.80680,28.39116
A.G.846.D,G846D,G846,ddg,kcal/mol,ref2015_cart,-0.37551,-0.98980,-0.04830,1.26361,0.00136,0.10884,-0.12993,0.11667,0.05680,0.00000,0.00204,-0.00068,0.00000,0.02755,0.52143,-0.06429,0.00000,-1.00136,-0.35170,0.11224
A.F.849.S,F849S,F849,wt,kcal/mol,ref2015_cart,-339.37449,-590.56531,43.77993,336.72653,1.02721,15.70544,-30.18503,-153.96599,-64.07177,-0.84898,-4.53810,-12.10986,0.00000,1.08605,73.80034,-8.76224,0.00544,30.65000,-5.45306,28.34490
A.F.849.S,F849S,F849,mut,kcal/mol,ref2015_cart,-337.02857,-586.81871,43.59218,336.98367,1.01803,15.55068,-30.12381,-154.37517,-64.06293,-0.84898,-4.53810,-12.11429,0.00000,1.06905,73.44422,-8.57585,0.00510,30.13707,-5.49694,28.12619
A.F.849.S,F849S,F849,ddg,kcal/mol,ref2015_cart,2.34592,3.74660,-0.18776,0.25714,-0.00918,-0.15476,0.06122,-0.40918,0.00884,0.00000,0.00000,-0.00442,0.00000,-0.01701,-0.35612,0.18639,-0.00034,-0.51293,-0.04388,-0.21871
A.T.850.M,T850M,T850,wt,kcal/mol,ref2015_cart,-339.23605,-590.65340,43.84864,336.87007,1.02823,15.73605,-30.18503,-154.14456,-64.06633,-0.84898,-4.53810,-11.84422,0.00000,1.09762,73.76939,-8.76020,0.00510,30.65000,-5.45340,28.25340
A.T.850.M,T850M,T850,mut,kcal/mol,ref2015_cart,-339.17619,-592.55748,44.22449,337.04660,1.03571,15.80612,-30.01701,-153.93878,-64.06871,-0.84898,-4.53810,-11.84898,0.00000,1.08844,74.34354,-8.78469,0.00544,30.82177,-5.49082,28.54490
A.T.850.M,T850M,T850,ddg,kcal/mol,ref2015_cart,0.05986,-1.90408,0.37585,0.17653,0.00748,0.07007,0.16803,0.20578,-0.00238,0.00000,0.00000,-0.00476,0.00000,-0.00918,0.57415,-0.02449,0.00034,0.17177,-0.03741,0.29150
A.F.853.L,F853L,F853,wt,kcal/mol,ref2015_cart,-339.40578,-590.52313,43.74762,336.78707,1.02823,15.72143,-30.18265,-154.01190,-64.07415,-0.84898,-4.53163,-12.10340,0.00000,1.08912,73.75952,-8.75986,0.00544,30.65000,-5.46429,28.30544
A.F.853.L,F853L,F853,mut,kcal/mol,ref2015_cart,-338.76020,-588.42007,42.99218,336.77007,1.01701,15.70850,-30.16224,-153.88707,-64.07449,-0.84898,-4.53129,-12.10068,0.00000,1.11463,72.96939,-8.72721,0.00544,30.80068,-5.44456,28.05816
A.F.853.L,F853L,F853,ddg,kcal/mol,ref2015_cart,0.64558,2.10306,-0.75544,-0.01701,-0.01122,-0.01293,0.02041,0.12483,-0.00034,0.00000,0.00034,0.00272,0.00000,0.02551,-0.79014,0.03265,0.00000,0.15068,0.01973,-0.24728
A.F.853.V,F853V,F853,wt,kcal/mol,ref2015_cart,-339.40102,-590.48980,43.72925,336.77891,1.02687,15.71905,-30.18469,-154.00476,-64.07279,-0.84898,-4.53095,-12.10170,0.00000,1.08946,73.76871,-8.75986,0.00544,30.65000,-5.46395,28.28844
A.F.853.V,F853V,F853,mut,kcal/mol,ref2015_cart,-337.47891,-586.97381,42.88571,336.75510,1.02177,15.63299,-30.34898,-153.85714,-64.04830,-0.84898,-4.53163,-12.08980,0.00000,1.09728,72.88912,-8.79626,0.00544,31.13435,-5.50578,28.10034
A.F.853.V,F853V,F853,ddg,kcal/mol,ref2015_cart,1.92211,3.51599,-0.84354,-0.02381,-0.00510,-0.08605,-0.16429,0.14762,0.02449,0.00000,-0.00068,0.01190,0.00000,0.00782,-0.87959,-0.03639,0.00000,0.48435,-0.04184,-0.18810
A.V.854.L,V854L,V854,wt,kcal/mol,ref2015_cart,-339.24320,-590.59150,43.85748,336.87823,1.02653,15.73537,-30.17211,-154.16224,-64.06905,-0.84898,-4.53810,-11.84932,0.00000,1.09082,73.74388,-8.75714,0.00544,30.65000,-5.46054,28.21735
A.V.854.L,V854L,V854,mut,kcal/mol,ref2015_cart,-336.44184,-591.75748,45.57211,337.60204,1.11156,15.77177,-30.10646,-154.10340,-64.13367,-0.84898,-4.53810,-11.85374,0.00000,1.12313,73.43061,-8.82653,0.00544,30.31633,-5.53129,30.32551
A.V.854.L,V854L,V854,ddg,kcal/mol,ref2015_cart,2.80136,-1.16599,1.71463,0.72381,0.08503,0.03639,0.06565,0.05884,-0.06463,0.00000,0.00000,-0.00442,0.00000,0.03231,-0.31327,-0.06939,0.00000,-0.33367,-0.07075,2.10816
A.H.856.Q,H856Q,H856,wt,kcal/mol,ref2015_cart,-339.39320,-590.53946,43.77415,336.81224,1.02653,15.71293,-30.18299,-154.02517,-64.07007,-0.84898,-4.53197,-12.09524,0.00000,1.08810,73.76190,-8.75884,0.00510,30.65000,-5.45884,28.28741
A.H.856.Q,H856Q,H856,mut,kcal/mol,ref2015_cart,-339.16361,-590.09014,43.67755,336.82143,1.02789,15.77653,-30.35306,-153.70986,-64.08878,-0.84898,-4.53197,-12.09524,0.00000,1.06633,73.90374,-8.81293,0.00510,30.25884,-5.49830,28.32891
A.H.856.Q,H856Q,H856,ddg,kcal/mol,ref2015_cart,0.22959,0.44932,-0.09660,0.00918,0.00136,0.06361,-0.17007,0.31531,-0.01871,0.00000,0.00000,0.00000,0.00000,-0.02177,0.14184,-0.05408,0.00000,-0.39116,-0.03946,0.04150
A.V.857.I,V857I,V857,wt,kcal/mol,ref2015_cart,-339.25748,-590.56463,43.80714,336.87993,1.02823,15.73912,-30.16837,-154.18605,-64.06429,-0.84898,-4.53231,-11.85510,0.00000,1.09048,73.75374,-8.76190,0.00544,30.65000,-5.45748,28.22789
A.V.857.I,V857I,V857,mut,kcal/mol,ref2015_cart,-339.56837,-591.86429,44.04524,337.22891,1.05102,15.75374,-30.22449,-154.16122,-64.09456,-0.84898,-4.53367,-11.85544,0.00000,1.06497,73.96429,-8.80816,0.00544,30.53469,-5.43741,28.61224
A.V.857.I,V857I,V857,ddg,kcal/mol,ref2015_cart,-0.31088,-1.29966,0.23810,0.34898,0.02279,0.01463,-0.05612,0.02483,-0.03027,0.00000,-0.00136,-0.00034,0.00000,-0.02551,0.21054,-0.04626,0.00000,-0.11531,0.02007,0.38435
A.A.861.T,A861T,A861,wt,kcal/mol,ref2015_cart,-339.23333,-590.49830,43.83299,336.83503,1.02687,15.72075,-30.17109,-154.17381,-64.06429,-0.84898,-4.52993,-11.84660,0.00000,1.09286,73.74864,-8.75816,0.00544,30.65000,-5.45646,28.20170
A.A.861.T,A861T,A861,mut,kcal/mol,ref2015_cart,-336.89796,-592.43980,45.10680,339.02041,1.01973,15.72313,-30.30272,-154.95884,-64.02789,-0.84898,-4.53844,-11.73231,0.00000,1.09728,73.75068,-8.66497,0.01463,30.59116,-5.23435,29.52687
A.A.861.T,A861T,A861,ddg,kcal/mol,ref2015_cart,2.33537,-1.94150,1.27381,2.18537,-0.00714,0.00238,-0.13163,-0.78503,0.03639,0.00000,-0.00850,0.11429,0.00000,0.00442,0.00204,0.09320,0.00918,-0.05884,0.22211,1.32517
A.A.867.T,A867T,A867,wt,kcal/mol,ref2015_cart,-339.15884,-590.40068,43.83980,336.82007,1.02007,15.70884,-30.17007,-154.10544,-64.06871,-0.84898,-4.54150,-11.84320,0.00000,1.12381,73.75408,-8.76156,0.00544,30.65000,-5.45000,28.10918
A.A.867.T,A867T,A867,mut,kcal/mol,ref2015_cart,-338.81531,-591.32789,44.15714,337.62755,1.01973,15.72653,-30.31429,-154.45986,-64.02517,-0.84898,-4.53912,-11.84694,0.00000,1.16973,73.83673,-8.57755,0.00544,30.59116,-5.32619,28.31735
A.A.867.T,A867T,A867,ddg,kcal/mol,ref2015_cart,0.34354,-0.92721,0.31735,0.80748,-0.00034,0.01769,-0.14422,-0.35442,0.04354,0.00000,0.00238,-0.00374,0.00000,0.04592,0.08265,0.18401,0.00000,-0.05884,0.12381,0.20816
A.E.869.K,E869K,E869,wt,kcal/mol,ref2015_cart,-339.18912,-590.40000,43.83469,336.81905,1.02041,15.70782,-30.17653,-154.17993,-64.06088,-0.84898,-4.53878,-11.85340,0.00000,1.09898,73.76259,-8.75578,0.00544,30.65000,-5.45510,28.18197
A.E.869.K,E869K,E869,mut,kcal/mol,ref2015_cart,-339.41837,-590.97177,43.90238,337.31122,1.02143,15.67007,-30.12789,-154.48673,-64.11327,-0.84898,-4.53810,-11.85850,0.00000,1.06190,73.24932,-8.76735,0.00476,31.33367,-5.42619,28.16565
A.E.869.K,E869K,E869,ddg,kcal/mol,ref2015_cart,-0.22925,-0.57177,0.06769,0.49218,0.00102,-0.03776,0.04864,-0.30680,-0.05238,0.00000,0.00068,-0.00510,0.00000,-0.03707,-0.51327,-0.01156,-0.00068,0.68367,0.02891,-0.01633
A.A.870.V,A870V,A870,wt,kcal/mol,ref2015_cart,-339.18605,-590.33469,43.79796,336.82211,1.01803,15.70340,-30.17483,-154.17347,-64.06565,-0.84898,-4.53810,-11.84286,0.00000,1.08844,73.74864,-8.75374,0.00612,30.65000,-5.46088,28.17177
A.A.870.V,A870V,A870,mut,kcal/mol,ref2015_cart,-338.32041,-590.94524,44.04184,336.90408,1.02517,15.73027,-30.17109,-154.12925,-64.04796,-0.84898,-4.53878,-11.84014,0.00000,1.06769,73.99728,-8.60170,0.00544,31.09830,-5.30408,28.23673
A.A.870.V,A870V,A870,ddg,kcal/mol,ref2015_cart,0.86565,-0.61054,0.24388,0.08197,0.00714,0.02687,0.00374,0.04422,0.01769,0.00000,-0.00068,0.00272,0.00000,-0.02075,0.24864,0.15204,-0.00068,0.44830,0.15680,0.06497
A.A.871.V,A871V,A871,wt,kcal/mol,ref2015_cart,-339.18367,-590.34082,43.79592,336.83299,1.01837,15.70374,-30.17449,-154.16327,-64.06599,-0.84898,-4.53844,-11.84218,0.00000,1.08673,73.74388,-8.76054,0.00442,30.65000,-5.45680,28.17177
A.A.871.V,A871V,A871,mut,kcal/mol,ref2015_cart,-339.11531,-591.51599,44.05884,336.83265,1.02585,15.72177,-30.13469,-154.24082,-64.05374,-0.84898,-4.53844,-11.84218,0.00000,1.08469,73.89048,-8.53333,0.00306,31.09830,-5.26803,28.14524
A.A.871.V,A871V,A871,ddg,kcal/mol,ref2015_cart,0.06837,-1.17517,0.26293,-0.00034,0.00748,0.01803,0.03980,-0.07755,0.01224,0.00000,0.00000,0.00000,0.00000,-0.00204,0.14660,0.22721,-0.00136,0.44830,0.18878,-0.02653
A.G.872.E,G872E,G872,wt,kcal/mol,ref2015_cart,-339.18639,-590.34048,43.79830,336.82755,1.01837,15.70272,-30.17653,-154.16701,-64.07075,-0.84898,-4.53878,-11.84320,0.00000,1.09286,73.74626,-8.76190,0.00408,30.65000,-5.45884,28.17959
A.G.872.E,G872E,G872,mut,kcal/mol,ref2015_cart,-339.96259,-591.60986,43.86769,337.69524,1.02109,15.85578,-30.29422,-154.10918,-64.08605,-0.84898,-4.53844,-11.84150,0.00000,1.14456,74.60782,-8.76361,0.00340,29.45170,-5.79014,28.27177
A.G.872.E,G872E,G872,ddg,kcal/mol,ref2015_cart,-0.77619,-1.26939,0.06939,0.86769,0.00272,0.15306,-0.11769,0.05782,-0.01531,0.00000,0.00034,0.00170,0.00000,0.05170,0.86156,-0.00170,-0.00068,-1.19830,-0.33129,0.09218
A.G.872.W,G872W,G872,wt,kcal/mol,ref2015_cart,-339.18639,-590.34048,43.79830,336.82755,1.01837,15.70272,-30.17653,-154.16701,-64.07075,-0.84898,-4.53878,-11.84320,0.00000,1.09286,73.74626,-8.76190,0.00408,30.65000,-5.45884,28.17959
A.G.872.W,G872W,G872,mut,kcal/mol,ref2015_cart,-340.72415,-593.40884,44.13878,337.13095,1.02653,15.81599,-30.33299,-154.22313,-64.08435,-0.84898,-4.53810,-11.84116,0.00000,1.13095,74.33061,-8.87925,0.00340,31.14762,-5.74218,28.45000
A.G.872.W,G872W,G872,ddg,kcal/mol,ref2015_cart,-1.53776,-3.06837,0.34048,0.30340,0.00816,0.11327,-0.15646,-0.05612,-0.01361,0.00000,0.00068,0.00204,0.00000,0.03810,0.58435,-0.11735,-0.00068,0.49762,-0.28333,0.27041
A.Y.876.F,Y876F,Y876,wt,kcal/mol,ref2015_cart,-339.18844,-590.35204,43.80544,336.83333,1.01871,15.70646,-30.17721,-154.16803,-64.06769,-0.84898,-4.53810,-11.84116,0.00000,1.09252,73.74184,-8.76054,0.00476,30.65000,-5.45578,28.16905
A.Y.876.F,Y876F,Y876,mut,kcal/mol,ref2015_cart,-339.20102,-590.15136,43.75918,336.37211,1.01871,15.67891,-30.20340,-154.08435,-64.04252,-0.84898,-4.53810,-11.84184,0.00000,1.08878,73.79456,-8.76565,0.00306,30.86633,-5.48503,28.17891
A.Y.876.F,Y876F,Y876,ddg,kcal/mol,ref2015_cart,-0.01259,0.20068,-0.04626,-0.46122,0.00000,-0.02755,-0.02619,0.08367,0.02517,0.00000,0.00000,-0.00068,0.00000,-0.00374,0.05272,-0.00510,-0.00170,0.21633,-0.02925,0.00986
A.Q.879.P,Q879P,Q879,wt,kcal/mol,ref2015_cart,-339.16701,-590.42687,43.85510,336.83844,1.01973,15.70646,-30.18367,-154.15782,-64.06939,-0.84898,-4.53912,-11.84184,0.00000,1.08435,73.74218,-8.75578,0.00476,30.65000,-5.42585,28.18197
A.Q.879.P,Q879P,Q879,mut,kcal/mol,ref2015_cart,-338.82653,-590.60102,43.95544,337.02177,1.01497,15.63027,-30.13912,-154.88639,-64.06939,-0.84898,-4.96735,-11.84082,0.00000,1.22993,73.63469,-9.02755,0.00612,30.58469,-5.56020,30.03605
A.Q.879.P,Q879P,Q879,ddg,kcal/mol,ref2015_cart,0.34048,-0.17415,0.10034,0.18333,-0.00476,-0.07619,0.04456,-0.72857,0.00000,0.00000,-0.42823,0.00102,0.00000,0.14558,-0.10748,-0.27177,0.00136,-0.06531,-0.13435,1.85408
A.V.882.G,V882G,V882,wt,kcal/mol,ref2015_cart,-339.17721,-590.37177,43.82143,336.83231,1.02007,15.70374,-30.17585,-154.16224,-64.07007,-0.84898,-4.53537,-11.84524,0.00000,1.08912,73.74694,-8.75850,0.00510,30.65000,-5.45102,28.17313
A.V.882.G,V882G,V882,mut,kcal/mol,ref2015_cart,-338.70748,-589.00578,43.66973,336.77619,1.01429,15.68095,-30.07959,-154.12415,-64.06531,-0.84898,-4.53435,-11.84558,0.00000,1.07721,73.54218,-8.73401,0.00510,30.02245,-5.30340,28.04490
A.V.882.G,V882G,V882,ddg,kcal/mol,ref2015_cart,0.46973,1.36599,-0.15170,-0.05612,-0.00578,-0.02279,0.09626,0.03810,0.00476,0.00000,0.00102,-0.00034,0.00000,-0.01190,-0.20476,0.02449,0.00000,-0.62755,0.14762,-0.12823
A.V.882.L,V882L,V882,wt,kcal/mol,ref2015_cart,-339.17721,-590.37177,43.82143,336.83231,1.02007,15.70374,-30.17585,-154.16224,-64.07007,-0.84898,-4.53537,-11.84524,0.00000,1.08912,73.74694,-8.75850,0.00510,30.65000,-5.45102,28.17313
A.V.882.L,V882L,V882,mut,kcal/mol,ref2015_cart,-339.42143,-590.39116,43.68810,337.18878,1.02245,15.75714,-30.22925,-154.20136,-64.09558,-0.84898,-4.47313,-11.84524,0.00000,1.13980,73.71463,-8.90102,0.00510,30.31633,-5.40238,28.13503
A.V.882.L,V882L,V882,ddg,kcal/mol,ref2015_cart,-0.24422,-0.01939,-0.13333,0.35646,0.00238,0.05340,-0.05340,-0.03912,-0.02551,0.00000,0.06224,0.00000,0.00000,0.05068,-0.03231,-0.14252,0.00000,-0.33367,0.04864,-0.03810
A.V.883.L,V883L,V883,wt,kcal/mol,ref2015_cart,-339.17959,-590.37551,43.81667,336.83197,1.02041,15.70374,-30.17449,-154.17483,-64.06327,-0.84898,-4.53810,-11.84592,0.00000,1.09150,73.75000,-8.76020,0.00510,30.65000,-5.46259,28.19456
A.V.883.L,V883L,V883,mut,kcal/mol,ref2015_cart,-339.14082,-590.60646,43.82007,337.08707,1.02279,15.75850,-30.11429,-154.22959,-64.05782,-0.84898,-4.54252,-11.84558,0.00000,1.10646,73.94660,-8.72789,0.00510,30.31633,-5.45918,28.22857
A.V.883.L,V883L,V883,ddg,kcal/mol,ref2015_cart,0.03878,-0.23095,0.00340,0.25510,0.00238,0.05476,0.06020,-0.05476,0.00544,0.00000,-0.00442,0.00034,0.00000,0.01497,0.19660,0.03231,0.00000,-0.33367,0.00340,0.03401
A.D.885.V,D885V,D885,wt,kcal/mol,ref2015_cart,-339.18095,-590.41837,43.86190,336.83163,1.02075,15.70952,-30.17347,-154.15986,-64.07007,-0.84898,-4.53878,-11.85238,0.00000,1.09116,73.74354,-8.74966,0.00476,30.65000,-5.45850,28.17653
A.D.885.V,D885V,D885,mut,kcal/mol,ref2015_cart,-340.13197,-590.94762,43.93401,335.33810,1.02721,15.62211,-29.99796,-154.18741,-64.08741,-0.84898,-4.53776,-11.86088,0.00000,1.07109,73.22585,-8.90816,0.00510,32.27857,-5.41939,28.16122
A.D.885.V,D885V,D885,ddg,kcal/mol,ref2015_cart,-0.95102,-0.52925,0.07211,-1.49354,0.00646,-0.08741,0.17551,-0.02755,-0.01735,0.00000,0.00102,-0.00850,0.00000,-0.02007,-0.51769,-0.15850,0.00034,1.62857,0.03912,-0.01531
A.W.894.G,W894G,W894,wt,kcal/mol,ref2015_cart,-339.24456,-590.75544,43.94524,336.89728,1.03163,15.72279,-30.19966,-154.22449,-64.06565,-0.84898,-4.53299,-11.86429,0.00000,1.10272,73.80340,-8.76190,0.00544,30.65000,-5.45306,28.30408
A.W.894.G,W894G,W894,mut,kcal/mol,ref2015_cart,-334.87925,-584.47551,43.29286,336.03027,1.01259,15.45408,-29.96973,-153.65238,-64.04966,-0.84898,-4.53231,-11.41395,0.00000,1.06361,72.84762,-8.52279,0.00544,30.15238,-5.22755,27.95510
A.W.894.G,W894G,W894,ddg,kcal/mol,ref2015_cart,4.36531,6.27993,-0.65238,-0.86701,-0.01905,-0.26871,0.22993,0.57211,0.01599,0.00000,0.00068,0.45034,0.00000,-0.03912,-0.95578,0.23912,0.00000,-0.49762,0.22551,-0.34898
A.A.897.V,A897V,A897,wt,kcal/mol,ref2015_cart,-339.19184,-590.71531,43.88707,336.84660,1.03265,15.73129,-30.21224,-154.19150,-64.07653,-0.84898,-4.53333,-11.85544,0.00000,1.17381,73.81871,-8.77109,0.00544,30.65000,-5.45306,28.32041
A.A.897.V,A897V,A897,mut,kcal/mol,ref2015_cart,-339.44422,-593.30238,44.92483,336.56769,1.08027,15.77245,-30.28401,-154.37075,-63.97109,-0.84898,-4.53435,-11.84150,0.00000,1.08912,73.72959,-8.80000,0.00544,31.09830,-5.43265,29.67415
A.A.897.V,A897V,A897,ddg,kcal/mol,ref2015_cart,-0.25238,-2.58707,1.03776,-0.27891,0.04762,0.04116,-0.07177,-0.17925,0.10544,0.00000,-0.00102,0.01395,0.00000,-0.08469,-0.08912,-0.02891,0.00000,0.44830,0.02041,1.35374
A.L.902.M,L902M,L902,wt,kcal/mol,ref2015_cart,-339.23776,-590.55204,43.82721,336.85306,1.02653,15.72891,-30.17483,-154.14932,-64.07041,-0.84898,-4.53333,-11.85068,0.00000,1.08980,73.76599,-8.76361,0.00544,30.65000,-5.45816,28.21667
A.L.902.M,L902M,L902,mut,kcal/mol,ref2015_cart,-337.83027,-591.34864,43.76122,338.03741,1.03810,15.72381,-30.23503,-154.11939,-64.02619,-0.84898,-4.53333,-11.82721,0.00000,1.12313,74.15850,-8.67721,0.00544,30.64864,-5.39932,28.68980
A.L.902.M,L902M,L902,ddg,kcal/mol,ref2015_cart,1.40748,-0.79660,-0.06599,1.18435,0.01156,-0.00510,-0.06020,0.02993,0.04422,0.00000,0.00000,0.02347,0.00000,0.03333,0.39252,0.08639,0.00000,-0.00136,0.05884,0.47313
A.K.905.M,K905M,K905,wt,kcal/mol,ref2015_cart,-339.25442,-590.60476,43.81497,336.87075,1.03027,15.74082,-30.16633,-154.14320,-64.07313,-0.84898,-4.53401,-11.86020,0.00000,1.08980,73.74388,-8.76020,0.00544,30.65000,-5.46054,28.25170
A.K.905.M,K905M,K905,mut,kcal/mol,ref2015_cart,-338.79864,-592.07823,44.90408,333.24252,1.11088,15.51463,-29.98299,-151.85136,-64.13027,-0.84898,-4.53367,-11.46259,0.00000,1.08707,73.83027,-8.72925,0.00510,31.45680,-5.28299,28.95068
A.K.905.M,K905M,K905,ddg,kcal/mol,ref2015_cart,0.45578,-1.47347,1.08912,-3.62823,0.08061,-0.22619,0.18333,2.29184,-0.05714,0.00000,0.00034,0.39762,0.00000,-0.00272,0.08639,0.03095,-0.00034,0.80680,0.17755,0.69898
A.D.919.N,D919N,D919,wt,kcal/mol,ref2015_cart,-339.19728,-590.42075,43.86735,336.78571,1.01905,15.70510,-30.16565,-154.17619,-64.06735,-0.84728,-4.53810,-11.83299,0.00000,1.08639,73.76122,-8.76020,0.00510,30.65000,-5.45748,28.18912
A.D.919.N,D919N,D919,mut,kcal/mol,ref2015_cart,-338.39558,-590.95850,43.94116,335.69388,1.02007,15.49048,-30.70816,-152.45782,-64.09796,-0.85408,-4.53810,-10.55714,0.00000,1.04116,73.47789,-8.54354,0.00510,30.92381,-5.26429,27.98980
A.D.919.N,D919N,D919,ddg,kcal/mol,ref2015_cart,0.80170,-0.53776,0.07381,-1.09184,0.00102,-0.21463,-0.54252,1.71837,-0.03061,-0.00680,0.00000,1.27585,0.00000,-0.04524,-0.28333,0.21667,0.00000,0.27381,0.19320,-0.19932
A.D.919.V,D919V,D919,wt,kcal/mol,ref2015_cart,-339.19728,-590.42075,43.86735,336.78571,1.01905,15.70510,-30.16565,-154.17619,-64.06735,-0.84728,-4.53810,-11.83299,0.00000,1.08639,73.76122,-8.76020,0.00510,30.65000,-5.45748,28.18912
A.D.919.V,D919V,D919,mut,kcal/mol,ref2015_cart,-338.21973,-591.45680,44.22993,334.36088,1.02313,15.39694,-30.40204,-152.23946,-64.07245,-0.84592,-4.53810,-10.55748,0.00000,1.05612,73.40136,-8.64830,0.00510,32.27857,-5.33912,28.12789
A.D.919.V,D919V,D919,ddg,kcal/mol,ref2015_cart,0.97755,-1.03605,0.36259,-2.42483,0.00408,-0.30816,-0.23639,1.93673,-0.00510,0.00136,0.00000,1.27551,0.00000,-0.03027,-0.35986,0.11190,0.00000,1.62857,0.11837,-0.06122
A.I.921.V,I921V,I921,wt,kcal/mol,ref2015_cart,-339.22687,-590.51293,43.87279,336.71054,1.02619,15.71259,-30.16905,-154.15272,-64.06633,-0.84966,-4.53810,-11.83197,0.00000,1.09490,73.77245,-8.76122,0.00510,30.65000,-5.45476,28.26531
A.I.921.V,I921V,I921,mut,kcal/mol,ref2015_cart,-338.62687,-589.60578,43.72993,336.44218,1.03163,15.70442,-30.08027,-154.25986,-64.06327,-0.84558,-4.53810,-11.83231,0.00000,1.10714,73.67857,-8.72755,0.00510,30.76531,-5.47755,28.33878
A.I.921.V,I921V,I921,ddg,kcal/mol,ref2015_cart,0.60000,0.90714,-0.14286,-0.26837,0.00544,-0.00816,0.08878,-0.10714,0.00306,0.00408,0.00000,-0.00034,0.00000,0.01224,-0.09388,0.03367,0.00000,0.11531,-0.02279,0.07347
A.R.922.Q,R922Q,R922,wt,kcal/mol,ref2015_cart,-339.21871,-590.48469,43.87449,336.70850,1.02585,15.71122,-30.16769,-154.15748,-64.06259,-0.84898,-4.53844,-11.82721,0.00000,1.08095,73.76837,-8.75850,0.00510,30.65000,-5.45170,28.25476
A.R.922.Q,R922Q,R922,mut,kcal/mol,ref2015_cart,-338.62993,-590.19320,43.94048,335.90578,1.02347,15.53707,-30.59966,-152.74150,-64.05340,-0.84898,-4.53878,-11.07381,0.00000,1.07483,73.95714,-8.79286,0.00510,30.18878,-5.46939,28.04830
A.R.922.Q,R922Q,R922,ddg,kcal/mol,ref2015_cart,0.58878,0.29150,0.06599,-0.80272,-0.00238,-0.17415,-0.43197,1.41599,0.00918,0.00000,-0.00034,0.75340,0.00000,-0.00612,0.18878,-0.03435,0.00000,-0.46122,-0.01769,-0.20646
A.R.922.W,R922W,R922,wt,kcal/mol,ref2015_cart,-339.21871,-590.48469,43.87449,336.70850,1.02585,15.71122,-30.16769,-154.15748,-64.06259,-0.84898,-4.53844,-11.82721,0.00000,1.08095,73.76837,-8.75850,0.00510,30.65000,-5.45170,28.25476
A.R.922.W,R922W,R922,mut,kcal/mol,ref2015_cart,-338.73776,-591.36054,43.99014,335.41803,1.03197,15.55136,-30.47245,-152.79932,-64.08537,-0.84898,-4.53844,-11.06871,0.00000,1.09830,73.85782,-8.66020,0.00510,31.45136,-5.44490,28.13741
A.R.922.W,R922W,R922,ddg,kcal/mol,ref2015_cart,0.48095,-0.87585,0.11565,-1.29048,0.00612,-0.15986,-0.30476,1.35816,-0.02279,0.00000,0.00000,0.75850,0.00000,0.01735,0.08946,0.09830,0.00000,0.80136,0.00680,-0.11735
A.C.927.F,C927F,C927,wt,kcal/mol,ref2015_cart,-339.22313,-590.55918,43.91122,336.72993,1.02483,15.71395,-30.16837,-154.16020,-64.07177,-0.84932,-4.54116,-11.83027,0.00000,1.08912,73.77381,-8.76599,0.00510,30.65000,-5.46531,28.29048
A.C.927.F,C927F,C927,mut,kcal/mol,ref2015_cart,-340.88061,-592.08741,43.87279,337.38810,1.02959,15.78605,-30.42823,-154.41939,-64.10782,-0.84966,-4.57483,-11.83163,0.00000,1.18469,74.06531,-8.85748,0.00510,29.95714,-5.40578,28.39218
A.C.927.F,C927F,C927,ddg,kcal/mol,ref2015_cart,-1.65748,-1.52823,-0.03844,0.65816,0.00476,0.07211,-0.25986,-0.25918,-0.03605,-0.00034,-0.03367,-0.00136,0.00000,0.09558,0.29150,-0.09150,0.00000,-0.69286,0.05952,0.10170
A.C.927.R,C927R,C927,wt,kcal/mol,ref2015_cart,-339.22313,-590.55918,43.91122,336.72993,1.02483,15.71395,-30.16837,-154.16020,-64.07177,-0.84932,-4.54116,-11.83027,0.00000,1.08912,73.77381,-8.76599,0.00510,30.65000,-5.46531,28.29048
A.C.927.R,C927R,C927,mut,kcal/mol,ref2015_cart,-340.20816,-590.76871,43.76054,338.17993,1.02687,15.86701,-30.12143,-155.06701,-64.09490,-0.84864,-4.55000,-12.26054,0.00000,1.08231,74.10816,-8.79116,0.00510,29.51054,-5.45238,28.20612
A.C.927.R,C927R,C927,ddg,kcal/mol,ref2015_cart,-0.98503,-0.20952,-0.15068,1.45000,0.00204,0.15306,0.04694,-0.90680,-0.02313,0.00068,-0.00884,-0.43027,0.00000,-0.00680,0.33435,-0.02517,0.00000,-1.13946,0.01293,-0.08435
A.S.930.F,S930F,S930,wt,kcal/mol,ref2015_cart,-339.19694,-590.46905,43.82517,336.78707,1.02483,15.71429,-30.18231,-154.14422,-64.07007,-0.84898,-4.54082,-11.84524,0.00000,1.08810,73.76429,-8.76088,0.00510,30.65000,-5.45408,28.25986
A.S.930.F,S930F,S930,mut,kcal/mol,ref2015_cart,-339.53537,-591.80442,43.90170,336.94014,1.03197,15.82449,-30.17959,-154.12211,-64.08027,-0.84898,-4.54014,-11.82653,0.00000,1.09796,74.06701,-8.99150,0.00510,31.16293,-5.42823,28.25578
A.S.930.F,S930F,S930,ddg,kcal/mol,ref2015_cart,-0.33844,-1.33537,0.07653,0.15306,0.00714,0.11020,0.00272,0.02211,-0.01020,0.00000,0.00068,0.01871,0.00000,0.00986,0.30272,-0.23061,0.00000,0.51293,0.02585,-0.00408
A.V.932.L,V932L,V932,wt,kcal/mol,ref2015_cart,-339.23333,-590.54252,43.86701,336.72959,1.02755,15.71735,-30.17483,-154.15918,-64.06054,-0.84898,-4.53605,-11.83980,0.00000,1.09320,73.78605,-8.76361,0.00510,30.65000,-5.46361,28.27959
A.V.932.L,V932L,V932,mut,kcal/mol,ref2015_cart,-338.43027,-591.52551,44.53299,336.90408,1.03639,15.79048,-30.17789,-154.12211,-64.08197,-0.84898,-4.49150,-11.83878,0.00000,1.09490,73.85646,-8.76156,0.00510,30.31633,-5.42109,29.30238
A.V.932.L,V932L,V932,ddg,kcal/mol,ref2015_cart,0.80306,-0.98299,0.66599,0.17449,0.00884,0.07313,-0.00306,0.03707,-0.02143,0.00000,0.04456,0.00102,0.00000,0.00170,0.07041,0.00204,0.00000,-0.33367,0.04252,1.02279
A.V.932.M,V932M,V932,wt,kcal/mol,ref2015_cart,-339.23333,-590.54252,43.86701,336.72959,1.02755,15.71735,-30.17483,-154.15918,-64.06054,-0.84898,-4.53605,-11.83980,0.00000,1.09320,73.78605,-8.76361,0.00510,30.65000,-5.46361,28.27959
A.V.932.M,V932M,V932,mut,kcal/mol,ref2015_cart,-337.03469,-592.20204,44.63367,337.96837,1.04694,15.79762,-30.20374,-154.12993,-64.07857,-0.84898,-4.52687,-11.83980,0.00000,1.08129,74.72823,-8.65714,0.00510,30.31497,-5.37313,29.24932
A.V.932.M,V932M,V932,ddg,kcal/mol,ref2015_cart,2.19864,-1.65952,0.76667,1.23878,0.01939,0.08027,-0.02891,0.02925,-0.01803,0.00000,0.00918,0.00000,0.00000,-0.01190,0.94218,0.10646,0.00000,-0.33503,0.09048,0.96973
A.Q.934.K,Q934K,Q934,wt,kcal/mol,ref2015_cart,-339.22177,-590.57347,43.85306,336.80782,1.02755,15.72755,-30.18265,-154.14796,-64.06973,-0.84898,-4.53844,-11.85068,0.00000,1.08810,73.77347,-8.76497,0.00510,30.65000,-5.45884,28.28095
A.Q.934.K,Q934K,Q934,mut,kcal/mol,ref2015_cart,-339.00816,-589.88367,43.77041,335.78469,1.02619,15.44320,-30.10918,-153.46224,-64.08333,-0.84898,-4.53810,-11.44014,0.00000,1.07007,73.38844,-8.71122,0.00510,30.90034,-5.49184,28.17177
A.Q.934.K,Q934K,Q934,ddg,kcal/mol,ref2015_cart,0.21361,0.68980,-0.08265,-1.02313,-0.00136,-0.28435,0.07347,0.68571,-0.01361,0.00000,0.00034,0.41054,0.00000,-0.01803,-0.38503,0.05374,0.00000,0.25034,-0.03299,-0.10918
A.V.935.A,V935A,V935,wt,kcal/mol,ref2015_cart,-339.25374,-590.70000,43.90782,336.78571,1.03027,15.73163,-30.17517,-154.15476,-64.06803,-0.84898,-4.53946,-11.85034,0.00000,1.09320,73.75884,-8.76293,0.00510,30.65000,-5.45850,28.34150
A.V.935.A,V935A,V935,mut,kcal/mol,ref2015_cart,-337.24626,-588.25170,43.49286,337.25578,1.02313,15.71939,-30.05510,-154.10136,-64.06463,-0.84898,-4.53946,-11.85850,0.00000,1.08061,73.72075,-8.70748,0.00510,30.20170,-5.48027,28.16156
A.V.935.A,V935A,V935,ddg,kcal/mol,ref2015_cart,2.00748,2.44830,-0.41497,0.47007,-0.00714,-0.01224,0.12007,0.05340,0.00340,0.00000,0.00000,-0.00816,0.00000,-0.01259,-0.03810,0.05544,0.00000,-0.44830,-0.02177,-0.17993
A.R.937.H,R937H,R937,wt,kcal/mol,ref2015_cart,-339.24524,-590.64694,43.87585,336.78605,1.02925,15.73027,-30.17109,-154.15170,-64.06633,-0.84898,-4.53844,-11.84286,0.00000,1.08401,73.76905,-8.76088,0.00510,30.65000,-5.45442,28.30646
A.R.937.H,R937H,R937,mut,kcal/mol,ref2015_cart,-338.82245,-590.27313,43.99184,335.63299,1.02279,15.56735,-30.08129,-153.33129,-64.05238,-0.84898,-4.53776,-11.44592,0.00000,1.08605,73.67857,-8.80510,0.00510,30.57993,-5.39660,28.38537
A.R.937.H,R937H,R937,ddg,kcal/mol,ref2015_cart,0.42279,0.37381,0.11599,-1.15306,-0.00646,-0.16293,0.08980,0.82041,0.01395,0.00000,0.00068,0.39694,0.00000,0.00204,-0.09048,-0.04422,0.00000,-0.07007,0.05782,0.07891
A.E.941.G,E941G,E941,wt,kcal/mol,ref2015_cart,-339.21156,-590.59184,43.82177,336.91735,1.02653,15.73401,-30.17789,-154.15306,-64.06905,-0.84898,-4.53810,-11.85170,0.00000,1.08707,73.75102,-8.75816,0.00544,30.65000,-5.45986,28.24422
A.E.941.G,E941G,E941,mut,kcal/mol,ref2015_cart,-337.60204,-588.59354,43.76327,334.36531,1.02041,15.47687,-30.11871,-152.81190,-64.10136,-0.84898,-4.53810,-11.48401,0.00000,1.06361,72.90680,-8.61735,0.00510,31.84830,-5.04388,28.10578
A.E.941.G,E941G,E941,ddg,kcal/mol,ref2015_cart,1.60952,1.99830,-0.05850,-2.55204,-0.00612,-0.25714,0.05918,1.34116,-0.03231,0.00000,0.00000,0.36769,0.00000,-0.02347,-0.84422,0.14082,-0.00034,1.19830,0.41599,-0.13844
A.E.941.K,E941K,E941,wt,kcal/mol,ref2015_cart,-339.21156,-590.59184,43.82177,336.91735,1.02653,15.73401,-30.17789,-154.15306,-64.06905,-0.84898,-4.53810,-11.85170,0.00000,1.08707,73.75102,-8.75816,0.00544,30.65000,-5.45986,28.24422
A.E.941.K,E941K,E941,mut,kcal/mol,ref2015_cart,-338.40578,-589.87993,43.77551,335.27619,1.02449,15.58605,-30.17245,-152.72449,-64.10408,-0.84898,-4.53810,-11.48844,0.00000,1.08673,73.24694,-8.67381,0.00510,31.33367,-5.36565,28.05544
A.E.941.K,E941K,E941,ddg,kcal/mol,ref2015_cart,0.80578,0.71190,-0.04626,-1.64116,-0.00204,-0.14796,0.00544,1.42857,-0.03503,0.00000,0.00000,0.36327,0.00000,-0.00034,-0.50408,0.08435,-0.00034,0.68367,0.09422,-0.18878
A.C.950.F,C950F,C950,wt,kcal/mol,ref2015_cart,-339.21327,-590.52517,43.79830,336.85544,1.02823,15.71667,-30.19660,-154.15374,-64.06973,-0.84898,-4.53810,-11.84286,0.00000,1.09286,73.76122,-8.76565,0.00510,30.65000,-5.45646,28.27585
A.C.950.F,C950F,C950,mut,kcal/mol,ref2015_cart,-338.43673,-590.76633,43.96769,336.86224,1.03878,15.84490,-30.13333,-153.93061,-64.08741,-0.84898,-4.53810,-11.84286,0.00000,1.19898,74.76939,-9.03231,0.00612,29.95714,-5.48673,28.58537
A.C.950.F,C950F,C950,ddg,kcal/mol,ref2015_cart,0.77653,-0.24116,0.16939,0.00680,0.01054,0.12823,0.06327,0.22313,-0.01769,0.00000,0.00000,0.00000,0.00000,0.10612,1.00816,-0.26667,0.00102,-0.69286,-0.03027,0.30952
A.S.954.N,S954N,S954,wt,kcal/mol,ref2015_cart,-339.21497,-590.55816,43.85544,336.85510,1.02891,15.71463,-30.19796,-154.16837,-64.07279,-0.84898,-4.53810,-11.84830,0.00000,1.09796,73.77789,-8.76531,0.00544,30.65000,-5.45714,28.25476
A.S.954.N,S954N,S954,mut,kcal/mol,ref2015_cart,-339.03027,-591.01327,43.82347,336.89762,1.02925,16.02449,-30.24422,-154.16769,-64.08231,-0.84898,-4.53810,-11.82415,0.00000,1.09864,74.29626,-8.67925,0.00544,30.29252,-5.34898,28.24898
A.S.954.N,S954N,S954,ddg,kcal/mol,ref2015_cart,0.18469,-0.45510,-0.03197,0.04252,0.00034,0.30986,-0.04626,0.00068,-0.00952,0.00000,0.00000,0.02415,0.00000,0.00068,0.51837,0.08605,0.00000,-0.35748,0.10816,-0.00578
A.R.959.C,R959C,R959,wt,kcal/mol,ref2015_cart,-339.21701,-590.73605,43.97483,336.89694,1.03027,15.71531,-30.22041,-154.20748,-64.06905,-0.84898,-4.53741,-11.85102,0.00000,1.08912,73.79286,-8.76463,0.00544,30.65000,-5.45884,28.32177
A.R.959.C,R959C,R959,mut,kcal/mol,ref2015_cart,-338.61361,-590.43333,43.97075,336.27007,1.02687,15.59660,-30.09524,-154.28844,-64.08197,-0.84898,-4.53878,-11.84966,0.00000,1.08605,73.32959,-8.66429,0.00544,31.78912,-5.23231,28.34456
A.R.959.C,R959C,R959,ddg,kcal/mol,ref2015_cart,0.60340,0.30272,-0.00408,-0.62687,-0.00340,-0.11871,0.12517,-0.08095,-0.01293,0.00000,-0.00136,0.00136,0.00000,-0.00306,-0.46327,0.10034,0.00000,1.13912,0.22653,0.02279
A.R.959.H,R959H,R959,wt,kcal/mol,ref2015_cart,-339.21463,-590.73912,43.97993,336.90204,1.03027,15.71531,-30.22381,-154.21463,-64.07109,-0.84898,-4.53776,-11.85102,0.00000,1.08912,73.79218,-8.76531,0.00544,30.65000,-5.45748,28.33095
A.R.959.H,R959H,R959,mut,kcal/mol,ref2015_cart,-339.28231,-590.72075,43.96803,336.70884,1.02755,15.74252,-30.24014,-154.17857,-64.06190,-0.84898,-4.53946,-11.85340,0.00000,1.10170,73.91497,-8.78129,0.00544,30.57993,-5.42993,28.32313
A.R.959.H,R959H,R959,ddg,kcal/mol,ref2015_cart,-0.06769,0.01837,-0.01190,-0.19320,-0.00272,0.02721,-0.01633,0.03605,0.00918,0.00000,-0.00170,-0.00238,0.00000,0.01259,0.12279,-0.01599,0.00000,-0.07007,0.02755,-0.00782
A.R.966.Q,R966Q,R966,wt,kcal/mol,ref2015_cart,-339.21973,-590.73333,43.96769,336.87959,1.02721,15.71361,-30.21259,-154.20510,-64.06395,-0.84898,-4.53810,-11.84524,0.00000,1.10850,73.80068,-8.76122,0.00510,30.65000,-5.45102,28.28673
A.R.966.Q,R966Q,R966,mut,kcal/mol,ref2015_cart,-339.35476,-590.60748,43.99592,337.16122,1.02517,15.83163,-30.17551,-154.62347,-64.06837,-0.84898,-4.53878,-11.84354,0.00000,1.13095,73.84354,-8.75816,0.00510,30.18878,-5.40170,28.32823
A.R.966.Q,R966Q,R966,ddg,kcal/mol,ref2015_cart,-0.13503,0.12585,0.02823,0.28163,-0.00204,0.11803,0.03707,-0.41837,-0.00442,0.00000,-0.00068,0.00170,0.00000,0.02245,0.04286,0.00306,0.00000,-0.46122,0.04932,0.04150
A.R.970.H,R970H,R970,wt,kcal/mol,ref2015_cart,-339.22245,-590.75340,43.93537,336.92381,1.02857,15.71735,-30.19728,-154.24456,-64.06327,-0.84898,-4.53265,-11.85408,0.00000,1.10238,73.79490,-8.76156,0.00510,30.65000,-5.45680,28.33299
A.R.970.H,R970H,R970,mut,kcal/mol,ref2015_cart,-339.24490,-590.01122,43.84558,336.42483,1.02483,15.70408,-29.99694,-154.35374,-64.07177,-0.84898,-4.53605,-11.85680,0.00000,1.10136,73.58980,-8.80102,0.00510,30.57993,-5.29252,28.24864
A.R.970.H,R970H,R970,ddg,kcal/mol,ref2015_cart,-0.02245,0.74218,-0.08980,-0.49898,-0.00374,-0.01327,0.20034,-0.10918,-0.00850,0.00000,-0.00340,-0.00272,0.00000,-0.00102,-0.20510,-0.03946,0.00000,-0.07007,0.16429,-0.08435
A.S.973.G,S973G,S973,wt,kcal/mol,ref2015_cart,-339.20748,-590.54014,43.83639,336.87585,1.02483,15.72007,-30.19728,-154.20680,-64.06803,-0.84898,-4.53231,-11.85272,0.00000,1.08946,73.80850,-8.76429,0.00510,30.65000,-5.45918,28.25170
A.S.973.G,S973G,S973,mut,kcal/mol,ref2015_cart,-338.30680,-589.91531,43.85918,335.92007,1.02381,15.69932,-30.14252,-153.62789,-64.07653,-0.84898,-4.51939,-11.85238,0.00000,1.07211,73.72653,-8.56973,0.00510,31.02007,-5.27211,28.19218
A.S.973.G,S973G,S973,ddg,kcal/mol,ref2015_cart,0.90068,0.62483,0.02279,-0.95578,-0.00102,-0.02075,0.05476,0.57891,-0.00850,0.00000,0.01293,0.00034,0.00000,-0.01735,-0.08197,0.19456,0.00000,0.37007,0.18707,-0.05952
A.A.976.T,A976T,A976,wt,kcal/mol,ref2015_cart,-339.22245,-590.44048,43.78537,336.86769,1.02313,15.71871,-30.16871,-154.16735,-64.06429,-0.84898,-4.53707,-11.84082,0.00000,1.09660,73.75544,-8.76259,0.00544,30.65000,-5.46088,28.16701
A.A.976.T,A976T,A976,mut,kcal/mol,ref2015_cart,-336.85510,-592.29388,44.64490,338.55884,1.06122,15.76871,-30.24218,-154.21905,-64.09014,-0.84898,-4.49490,-11.82823,0.00000,1.07925,74.00612,-8.69422,0.00544,30.59116,-5.29354,29.43503
A.A.976.T,A976T,A976,ddg,kcal/mol,ref2015_cart,2.36735,-1.85340,0.85952,1.69116,0.03810,0.05000,-0.07347,-0.05170,-0.02585,0.00000,0.04218,0.01259,0.00000,-0.01735,0.25068,0.06837,0.00000,-0.05884,0.16735,1.26803
A.E.977.K,E977K,E977,wt,kcal/mol,ref2015_cart,-339.33946,-590.89354,43.83197,336.42755,1.02245,15.71735,-30.20986,-153.71156,-64.06837,-0.84898,-4.52585,-12.10000,0.00000,1.09524,74.26735,-8.76156,0.00510,30.65000,-5.45646,28.22007
A.E.977.K,E977K,E977,mut,kcal/mol,ref2015_cart,-337.57755,-591.34898,43.94762,335.80204,1.02653,15.57517,-30.26259,-151.72007,-64.09830,-0.84898,-4.59388,-12.04762,0.00000,1.10408,74.14728,-8.64388,0.00544,31.33367,-5.35034,28.39524
A.E.977.K,E977K,E977,ddg,kcal/mol,ref2015_cart,1.76190,-0.45544,0.11565,-0.62551,0.00408,-0.14218,-0.05272,1.99150,-0.02993,0.00000,-0.06803,0.05238,0.00000,0.00884,-0.12007,0.11769,0.00034,0.68367,0.10612,0.17517
A.H.983.N,H983N,H983,wt,kcal/mol,ref2015_cart,-339.37687,-590.95034,43.83095,336.49660,1.02415,15.71803,-30.23095,-153.73197,-64.07347,-0.84898,-4.53401,-12.08844,0.00000,1.08231,74.25340,-8.76020,0.00544,30.65000,-5.46088,28.24184
A.H.983.N,H983N,H983,mut,kcal/mol,ref2015_cart,-338.51497,-589.73980,43.53061,335.61463,1.02007,15.60884,-30.86054,-152.62347,-64.08707,-0.84898,-4.53401,-11.47619,0.00000,1.02925,74.82245,-8.68061,0.00510,30.29626,-5.40986,27.81837
A.H.983.N,H983N,H983,ddg,kcal/mol,ref2015_cart,0.86190,1.21054,-0.30034,-0.88197,-0.00408,-0.10918,-0.62959,1.10850,-0.01361,0.00000,0.00000,0.61224,0.00000,-0.05306,0.56905,0.07959,-0.00034,-0.35374,0.05102,-0.42347
A.A.984.S,A984S,A984,wt,kcal/mol,ref2015_cart,-339.39354,-590.98129,43.85102,336.47211,1.02177,15.71667,-30.22381,-153.71565,-64.07415,-0.84898,-4.53231,-12.08605,0.00000,1.08878,74.24354,-8.76633,0.00544,30.65000,-5.46156,28.24728
A.A.984.S,A984S,A984,mut,kcal/mol,ref2015_cart,-337.47347,-591.59218,43.99014,339.65272,1.02211,15.72313,-30.48027,-154.26463,-64.06293,-0.84898,-4.53197,-12.08912,0.00000,1.05680,74.39864,-8.56667,0.00544,30.10068,-5.34354,28.35714
A.A.984.S,A984S,A984,ddg,kcal/mol,ref2015_cart,1.92007,-0.61088,0.13912,3.18061,0.00034,0.00646,-0.25646,-0.54898,0.01122,0.00000,0.00034,-0.00306,0.00000,-0.03197,0.15510,0.19966,0.00000,-0.54932,0.11803,0.10986
A.V.988.A,V988A,V988,wt,kcal/mol,ref2015_cart,-339.41259,-591.13333,43.91395,336.59422,1.02551,15.71020,-30.23401,-153.73673,-64.06020,-0.84898,-4.53810,-12.13946,0.00000,1.08946,74.26837,-8.76190,0.00510,30.65000,-5.46156,28.24592
A.V.988.A,V988A,V988,mut,kcal/mol,ref2015_cart,-338.49422,-588.40408,43.22245,337.12517,1.00306,15.67517,-30.23401,-153.89830,-64.10918,-0.84898,-4.53810,-12.14252,0.00000,1.12857,73.72585,-8.71054,0.00544,30.20170,-5.48980,27.79388
A.V.988.A,V988A,V988,ddg,kcal/mol,ref2015_cart,0.91837,2.72925,-0.69150,0.53095,-0.02245,-0.03503,0.00000,-0.16156,-0.04898,0.00000,0.00000,-0.00306,0.00000,0.03912,-0.54252,0.05136,0.00034,-0.44830,-0.02823,-0.45204
A.L.993.V,L993V,L993,wt,kcal/mol,ref2015_cart,-339.19762,-590.50102,43.82109,336.93367,1.02075,15.70646,-30.19082,-154.17381,-64.06905,-0.84864,-4.53810,-11.83027,0.00000,1.08469,73.78095,-8.76190,0.00510,30.65000,-5.45510,28.16871
A.L.993.V,L993V,L993,mut,kcal/mol,ref2015_cart,-339.05782,-590.14524,43.79830,336.40544,1.02211,15.69524,-30.14456,-154.18095,-64.05646,-0.85068,-4.53810,-11.82891,0.00000,1.08810,73.76429,-8.77687,0.00510,30.98367,-5.42721,28.12857
A.L.993.V,L993V,L993,ddg,kcal/mol,ref2015_cart,0.13980,0.35578,-0.02279,-0.52823,0.00136,-0.01122,0.04626,-0.00714,0.01259,-0.00204,0.00000,0.00136,0.00000,0.00340,-0.01667,-0.01497,0.00000,0.33367,0.02789,-0.04014
A.E.995.G,E995G,E995,wt,kcal/mol,ref2015_cart,-339.21429,-590.54490,43.86224,336.89626,1.01973,15.70544,-30.17007,-154.17075,-64.06497,-0.84932,-4.53810,-11.83163,0.00000,1.09286,73.76293,-8.75714,0.00544,30.65000,-5.45272,28.17075
A.E.995.G,E995G,E995,mut,kcal/mol,ref2015_cart,-337.62517,-588.14864,43.78741,334.73605,1.01973,15.57075,-30.10034,-153.52143,-64.09014,-0.85680,-4.53810,-11.54558,0.00000,1.06565,72.65136,-8.56327,0.02143,31.84830,-5.03980,28.07891
A.E.995.G,E995G,E995,ddg,kcal/mol,ref2015_cart,1.58912,2.39626,-0.07483,-2.16020,0.00000,-0.13469,0.06973,0.64932,-0.02517,-0.00748,0.00000,0.28605,0.00000,-0.02721,-1.11156,0.19388,0.01599,1.19830,0.41293,-0.09184
A.F.997.S,F997S,F997,wt,kcal/mol,ref2015_cart,-339.19320,-590.56088,43.85918,336.91395,1.01939,15.70374,-30.18776,-154.16088,-64.06497,-0.84898,-4.53810,-11.82993,0.00000,1.09354,73.77789,-8.75714,0.00510,30.65000,-5.45680,28.18912
A.F.997.S,F997S,F997,mut,kcal/mol,ref2015_cart,-338.19762,-589.22313,43.78231,337.69728,1.00374,15.62381,-30.23810,-154.32109,-64.04728,-0.84898,-4.53810,-11.83061,0.00000,1.05884,73.65714,-8.78878,0.00510,30.13707,-5.50646,28.18027
A.F.997.S,F997S,F997,ddg,kcal/mol,ref2015_cart,0.99558,1.33776,-0.07687,0.78333,-0.01565,-0.07993,-0.05034,-0.16020,0.01769,0.00000,0.00000,-0.00068,0.00000,-0.03469,-0.12075,-0.03163,0.00000,-0.51293,-0.04966,-0.00884
A.R.1000.H,R1000H,R1000,wt,kcal/mol,ref2015_cart,-339.20476,-590.63197,43.90816,336.94456,1.01939,15.70544,-30.19116,-154.17415,-64.06531,-0.84932,-4.53810,-11.82687,0.00000,1.09694,73.79048,-8.76565,0.00510,30.65000,-5.45782,28.17551
A.R.1000.H,R1000H,R1000,mut,kcal/mol,ref2015_cart,-339.52823,-591.82721,43.88163,337.37415,1.02245,15.74252,-30.33844,-153.98061,-64.07347,-0.84660,-4.53810,-11.82449,0.00000,1.09728,74.01565,-8.65816,0.00510,30.57993,-5.39014,28.22993
A.R.1000.H,R1000H,R1000,ddg,kcal/mol,ref2015_cart,-0.32347,-1.19524,-0.02653,0.42959,0.00306,0.03707,-0.14728,0.19354,-0.00816,0.00272,0.00000,0.00238,0.00000,0.00034,0.22517,0.10748,0.00000,-0.07007,0.06769,0.05442
A.G.1002.D,G1002D,G1002,wt,kcal/mol,ref2015_cart,-339.21054,-590.53878,43.87823,336.88299,1.02007,15.70544,-30.18095,-154.18571,-64.07449,-0.84898,-4.53810,-11.82517,0.00000,1.09218,73.77381,-8.76088,0.00510,30.65000,-5.45476,28.19014
A.G.1002.D,G1002D,G1002,mut,kcal/mol,ref2015_cart,-340.46463,-591.83231,43.85884,338.54524,1.02109,15.81599,-30.43912,-154.39014,-64.10544,-0.84898,-4.53810,-11.84558,0.00000,1.08605,74.33367,-9.14898,0.00510,29.64864,-5.80782,28.17653
A.G.1002.D,G1002D,G1002,ddg,kcal/mol,ref2015_cart,-1.25408,-1.29354,-0.01939,1.66224,0.00102,0.11054,-0.25816,-0.20442,-0.03095,0.00000,0.00000,-0.02041,0.00000,-0.00612,0.55986,-0.38810,0.00000,-1.00136,-0.35306,-0.01361
A.V.1004.I,V1004I,V1004,wt,kcal/mol,ref2015_cart,-339.20578,-590.54014,43.89932,336.90034,1.01973,15.70544,-30.17993,-154.18299,-64.07109,-0.84898,-4.53810,-11.82653,0.00000,1.10238,73.76565,-8.75850,0.00510,30.65000,-5.45102,28.14388
A.V.1004.I,V1004I,V1004,mut,kcal/mol,ref2015_cart,-338.92891,-591.23163,44.33673,337.13265,1.05442,15.73333,-30.25272,-154.19660,-64.07075,-0.84898,-4.53810,-11.82891,0.00000,1.06667,74.10442,-8.76122,0.00544,30.53469,-5.45408,28.28605
A.V.1004.I,V1004I,V1004,ddg,kcal/mol,ref2015_cart,0.27687,-0.69150,0.43741,0.23231,0.03469,0.02789,-0.07279,-0.01361,0.00034,0.00000,0.00000,-0.00238,0.00000,-0.03571,0.33878,-0.00272,0.00034,-0.11531,-0.00306,0.14218
A.R.1006.C,R1006C,R1006,wt,kcal/mol,ref2015_cart,-339.42721,-591.27313,43.93776,336.65816,1.02449,15.71599,-30.22891,-153.72959,-64.06837,-0.84898,-4.53810,-12.13980,0.00000,1.09082,74.27041,-8.76190,0.00510,30.65000,-5.45782,28.26667
A.R.1006.C,R1006C,R1006,mut,kcal/mol,ref2015_cart,-338.27415,-589.69014,43.87687,334.28503,1.02143,15.56259,-29.95578,-152.81020,-64.06088,-0.84898,-4.53810,-11.84524,0.00000,1.07755,73.65306,-8.63673,0.00510,31.78912,-5.25986,28.10068
A.R.1006.C,R1006C,R1006,ddg,kcal/mol,ref2015_cart,1.15306,1.58299,-0.06088,-2.37313,-0.00306,-0.15340,0.27313,0.91939,0.00748,0.00000,0.00000,0.29456,0.00000,-0.01327,-0.61735,0.12517,0.00000,1.13912,0.19796,-0.16599
A.A.1010.S,A1010S,A1010,wt,kcal/mol,ref2015_cart,-339.25068,-591.05408,43.91293,336.59694,1.02381,15.73095,-30.21327,-153.89320,-64.07415,-0.84898,-4.53163,-11.82653,0.00000,1.08946,74.22619,-8.75986,0.00544,30.65000,-5.45476,28.17007
A.A.1010.S,A1010S,A1010,mut,kcal/mol,ref2015_cart,-337.35000,-591.76701,43.94252,339.64218,1.02551,15.74048,-30.34728,-154.23503,-64.08061,-0.84898,-4.53095,-12.14660,0.00000,1.08639,74.49864,-8.58333,0.00510,30.10068,-5.29966,28.44796
A.A.1010.S,A1010S,A1010,ddg,kcal/mol,ref2015_cart,1.90068,-0.71293,0.02959,3.04524,0.00170,0.00952,-0.13401,-0.34184,-0.00646,0.00000,0.00068,-0.32007,0.00000,-0.00306,0.27245,0.17653,-0.00034,-0.54932,0.15510,0.27789
A.A.1010.V,A1010V,A1010,wt,kcal/mol,ref2015_cart,-339.25068,-591.05408,43.91293,336.59694,1.02381,15.73095,-30.21327,-153.89320,-64.07415,-0.84898,-4.53163,-11.82653,0.00000,1.08946,74.22619,-8.75986,0.00544,30.65000,-5.45476,28.17007
A.A.1010.V,A1010V,A1010,mut,kcal/mol,ref2015_cart,-337.48163,-594.01633,46.08061,335.96633,1.07415,15.73741,-30.15068,-153.67959,-63.98537,-0.84898,-4.53197,-12.13265,0.00000,1.02313,74.39014,-8.82517,0.00510,31.09830,-5.40034,30.71361
A.A.1010.V,A1010V,A1010,ddg,kcal/mol,ref2015_cart,1.76905,-2.96224,2.16769,-0.63061,0.05034,0.00646,0.06259,0.21361,0.08878,0.00000,-0.00034,-0.30612,0.00000,-0.06633,0.16395,-0.06531,-0.00034,0.44830,0.05442,2.54354
A.G.1016.R,G1016R,G1016,wt,kcal/mol,ref2015_cart,-339.33027,-590.95816,43.87857,336.37755,1.02211,15.71769,-30.21463,-153.68639,-64.07109,-0.84898,-4.53129,-12.09830,0.00000,1.09456,74.28707,-8.76190,0.00510,30.65000,-5.45714,28.26497
A.G.1016.R,G1016R,G1016,mut,kcal/mol,ref2015_cart,-337.70306,-595.51837,45.82245,338.45238,1.03673,16.01497,-30.43605,-153.29286,-63.92857,-0.84898,-4.53197,-12.07687,0.00000,1.10000,75.15068,-8.95680,0.00510,30.34626,-5.68197,29.64116
A.G.1016.R,G1016R,G1016,ddg,kcal/mol,ref2015_cart,1.62721,-4.56020,1.94388,2.07483,0.01463,0.29728,-0.22143,0.39354,0.14252,0.00000,-0.00068,0.02143,0.00000,0.00544,0.86361,-0.19490,0.00000,-0.30374,-0.22483,1.37619
A.M.1020.I,M1020I,M1020,wt,kcal/mol,ref2015_cart,-339.37381,-590.48333,43.73537,336.76224,1.02551,15.70374,-30.15476,-154.02483,-64.06973,-0.84898,-4.53231,-12.10884,0.00000,1.09626,73.78878,-8.76497,0.00544,30.65000,-5.45646,28.30374
A.M.1020.I,M1020I,M1020,mut,kcal/mol,ref2015_cart,-338.98095,-589.30374,43.60068,336.69048,1.03537,15.74898,-30.07653,-153.96905,-63.99932,-0.84898,-4.52959,-12.12891,0.00000,1.10068,73.14320,-8.95034,0.00544,30.86973,-5.60204,28.23299
A.M.1020.I,M1020I,M1020,ddg,kcal/mol,ref2015_cart,0.39286,1.17959,-0.13469,-0.07177,0.00986,0.04524,0.07823,0.05578,0.07041,0.00000,0.00272,-0.02007,0.00000,0.00442,-0.64558,-0.18537,0.00000,0.21973,-0.14558,-0.07075
A.S.1022.L,S1022L,S1022,wt,kcal/mol,ref2015_cart,-339.19048,-590.42109,43.80714,336.87109,1.01973,15.71327,-30.16395,-154.19830,-64.06939,-0.84898,-4.53469,-11.84082,0.00000,1.09014,73.76156,-8.75918,0.00510,30.65000,-5.44898,28.17687
A.S.1022.L,S1022L,S1022,mut,kcal/mol,ref2015_cart,-338.99320,-590.91190,43.82517,336.73878,1.02653,15.72789,-30.12789,-154.14456,-64.06837,-0.84898,-4.53707,-11.84116,0.00000,1.09082,73.74184,-8.73741,0.00510,31.31361,-5.45850,28.21259
A.S.1022.L,S1022L,S1022,ddg,kcal/mol,ref2015_cart,0.19728,-0.49082,0.01803,-0.13231,0.00680,0.01463,0.03605,0.05374,0.00102,0.00000,-0.00238,-0.00034,0.00000,0.00068,-0.01973,0.02177,0.00000,0.66361,-0.00952,0.03571
A.D.1026.N,D1026N,D1026,wt,kcal/mol,ref2015_cart,-339.32245,-590.88333,43.84592,336.40646,1.02177,15.71088,-30.20544,-153.72551,-64.06837,-0.84898,-4.53231,-12.10374,0.00000,1.09184,74.27211,-8.76054,0.00510,30.65000,-5.45986,28.26156
A.D.1026.N,D1026N,D1026,mut,kcal/mol,ref2015_cart,-338.48333,-591.35068,43.88027,335.87653,1.02143,15.69388,-30.35340,-152.55612,-64.07245,-0.84898,-4.56224,-11.50646,0.00000,1.07517,74.20680,-8.69422,0.00510,30.92381,-5.36054,28.13844
A.D.1026.N,D1026N,D1026,ddg,kcal/mol,ref2015_cart,0.83912,-0.46735,0.03435,-0.52993,-0.00034,-0.01701,-0.14796,1.16939,-0.00408,0.00000,-0.02993,0.59728,0.00000,-0.01667,-0.06531,0.06633,0.00000,0.27381,0.09932,-0.12313
A.E.1028.V,E1028V,E1028,wt,kcal/mol,ref2015_cart,-339.30238,-590.89388,43.88878,336.37959,1.02109,15.70714,-30.21190,-153.71020,-64.06701,-0.84898,-4.53129,-12.10850,0.00000,1.08707,74.28776,-8.76429,0.00510,30.65000,-5.46190,28.26973
A.E.1028.V,E1028V,E1028,mut,kcal/mol,ref2015_cart,-338.79966,-590.71088,43.95748,334.07109,1.02993,15.61259,-30.10884,-152.70170,-64.07109,-0.84898,-4.53129,-11.44796,0.00000,1.10306,73.35068,-8.75408,0.00510,32.47551,-5.33537,28.10476
A.E.1028.V,E1028V,E1028,ddg,kcal/mol,ref2015_cart,0.50272,0.18299,0.06871,-2.30850,0.00884,-0.09456,0.10306,1.00850,-0.00408,0.00000,0.00000,0.66054,0.00000,0.01599,-0.93707,0.01020,0.00000,1.82551,0.12653,-0.16497
A.K.1032.R,K1032R,K1032,wt,kcal/mol,ref2015_cart,-339.45578,-591.02891,43.86667,336.53707,1.02313,15.71054,-30.21973,-153.75850,-64.07789,-0.84898,-4.53095,-12.15986,0.00000,1.11429,74.17109,-8.76531,0.00510,30.65000,-5.36701,28.22347
A.K.1032.R,K1032R,K1032,mut,kcal/mol,ref2015_cart,-339.38299,-591.54592,43.92551,337.19966,1.02585,15.83367,-30.15714,-154.09388,-64.07619,-0.84898,-4.53061,-12.64048,0.00000,1.10272,74.49694,-8.79150,0.00544,30.86088,-5.37041,28.22211
A.K.1032.R,K1032R,K1032,ddg,kcal/mol,ref2015_cart,0.07279,-0.51701,0.05884,0.66259,0.00272,0.12313,0.06259,-0.33537,0.00170,0.00000,0.00034,-0.48061,0.00000,-0.01156,0.32585,-0.02619,0.00034,0.21088,-0.00340,-0.00136
A.L.1035.P,L1035P,L1035,wt,kcal/mol,ref2015_cart,-339.19014,-591.00782,43.92483,336.61395,1.02177,15.72143,-30.21803,-153.82449,-64.06565,-0.84898,-4.53810,-11.85170,0.00000,1.09422,74.11769,-8.76667,0.00544,30.65000,-5.39660,28.17823
A.L.1035.P,L1035P,L1035,mut,kcal/mol,ref2015_cart,-329.56463,-590.56565,46.47483,335.82075,1.01463,15.69218,-29.72993,-153.58844,-63.56361,-0.84898,-4.53810,-11.85748,0.00000,1.42857,74.21803,-8.63844,0.00544,29.52585,-1.91224,31.49830
A.L.1035.P,L1035P,L1035,ddg,kcal/mol,ref2015_cart,9.62551,0.44218,2.55000,-0.79320,-0.00714,-0.02925,0.48810,0.23605,0.50204,0.00000,0.00000,-0.00578,0.00000,0.33435,0.10034,0.12823,0.00000,-1.12415,3.48435,3.32007
A.R.1039.W,R1039W,R1039,wt,kcal/mol,ref2015_cart,-339.34830,-591.03537,43.87823,336.68537,1.02245,15.70306,-30.23061,-153.73844,-64.07347,-0.84898,-4.53810,-12.14320,0.00000,1.08401,74.23197,-8.75850,0.00510,30.65000,-5.45748,28.21599
A.R.1039.W,R1039W,R1039,mut,kcal/mol,ref2015_cart,-339.84354,-592.06463,44.01701,335.63639,1.02789,15.71122,-30.08163,-153.50204,-64.08571,-0.84898,-4.53810,-12.14830,0.00000,1.07041,74.43061,-8.74184,0.00544,31.45136,-5.40816,28.22585
A.R.1039.W,R1039W,R1039,ddg,kcal/mol,ref2015_cart,-0.49524,-1.02925,0.13878,-1.04898,0.00544,0.00816,0.14898,0.23639,-0.01224,0.00000,0.00000,-0.00510,0.00000,-0.01361,0.19864,0.01667,0.00034,0.80136,0.04932,0.00986
A.S.1042.T,S1042T,S1042,wt,kcal/mol,ref2015_cart,-339.37585,-590.60238,43.88503,336.91939,1.02109,15.68810,-30.18605,-154.05340,-64.06633,-0.84898,-4.53810,-12.15034,0.00000,1.08537,73.78503,-8.76088,0.00510,30.65000,-5.45612,28.24796
A.S.1042.T,S1042T,S1042,mut,kcal/mol,ref2015_cart,-339.63027,-590.96020,43.87959,336.88503,1.02415,15.70034,-30.20136,-154.16803,-64.06293,-0.84898,-4.53810,-12.14286,0.00000,1.08946,73.63707,-8.86531,0.00510,31.14014,-5.43095,28.22789
A.S.1042.T,S1042T,S1042,ddg,kcal/mol,ref2015_cart,-0.25442,-0.35782,-0.00544,-0.03435,0.00306,0.01224,-0.01531,-0.11463,0.00340,0.00000,0.00000,0.00748,0.00000,0.00408,-0.14796,-0.10442,0.00000,0.49014,0.02517,-0.02007
A.L.1045.V,L1045V,L1045,wt,kcal/mol,ref2015_cart,-339.20034,-590.53367,43.91871,336.85340,1.02007,15.70408,-30.18299,-154.14898,-64.06599,-0.84898,-4.53810,-11.82891,0.00000,1.09490,73.76735,-8.76531,0.00510,30.65000,-5.45272,28.15204
A.L.1045.V,L1045V,L1045,mut,kcal/mol,ref2015_cart,-337.86429,-589.75408,43.98401,336.59320,1.01701,15.68469,-30.26939,-154.11531,-64.02925,-0.84898,-4.53810,-11.82721,0.00000,1.11054,73.83367,-8.73095,0.00510,30.98367,-5.41020,28.44728
A.L.1045.V,L1045V,L1045,ddg,kcal/mol,ref2015_cart,1.33605,0.77959,0.06531,-0.26020,-0.00306,-0.01939,-0.08639,0.03367,0.03673,0.00000,0.00000,0.00170,0.00000,0.01565,0.06633,0.03435,0.00000,0.33367,0.04252,0.29524
